1 0.390625 0.088867 0.081055 0.068360
2 0.415039 0.416015 0.094727 0.105469
2 0.327881 0.218018 0.123535 0.094239
2 0.203369 0.161133 0.108886 0.097656
0 0.190186 0.092041 0.093261 0.062989
1 0.294922 0.342774 0.244141 0.244141
1 0.722656 0.318360 0.244141 0.244141
2 0.797364 0.175293 0.090820 0.193359
2 0.610108 0.125732 0.054199 0.052246
1 0.171484 0.743297 0.310585 0.424804
0 0.429814 0.916529 0.122173 0.023171
0 0.395223 0.743297 0.100094 0.034205
0 0.428710 0.570617 0.102302 0.044136
0 0.430918 0.851429 0.102302 0.049653
1 0.653085 0.738332 0.272313 0.414874
0 0.858791 0.752676 0.109661 0.055170
0 0.905895 0.534756 0.108189 0.049653
0 0.953734 0.813362 0.084638 0.037515