2 0.149404 0.197507 0.167804 0.099305
2 0.339656 0.360256 0.202396 0.078340
2 0.207915 0.043032 0.158237 0.075030
2 0.200555 0.375152 0.087582 0.233918
1 0.640838 0.259443 0.189162 0.375232
2 0.682140 0.081734 0.076821 0.141177
2 0.873779 0.416718 0.151164 0.149845
2 0.834956 0.286068 0.118123 0.064396
2 0.118861 0.716816 0.187675 0.065100
2 0.301017 0.719574 0.114813 0.035308
2 0.426502 0.666060 0.146460 0.045239
2 0.179212 0.899426 0.081694 0.165508
0 0.284457 0.868532 0.115549 0.055170
0 0.439750 0.923701 0.080222 0.125786
0 0.191723 0.560134 0.124381 0.069514
0 0.057038 0.839843 0.109661 0.028688
1 0.725219 0.806190 0.413697 0.347567