0 0.162842 0.166504 0.179199 0.105469
1 0.065185 0.441895 0.088379 0.080078
1 0.230469 0.288086 0.244141 0.244141
0 0.289062 0.286377 0.076172 0.050293
2 0.207276 0.137695 0.093261 0.073242
2 0.214844 0.214356 0.178711 0.092773
0 0.220947 0.471436 0.062989 0.027832
0 0.430176 0.387451 0.137695 0.109864
2 0.117431 0.097656 0.045410 0.092773
0 0.091797 0.155761 0.101562 0.054688
1 0.618125 0.251020 0.212699 0.398323
1 0.870200 0.277502 0.209019 0.347567
0 0.275994 0.731711 0.103038 0.037515
0 0.399639 0.848118 0.085374 0.062893
0 0.175900 0.872945 0.073598 0.077237
1 0.242139 0.761503 0.454838 0.436941
0 0.906739 0.739258 0.080078 0.100586
2 0.556396 0.567871 0.048340 0.096680
1 0.929932 0.624023 0.116699 0.096680
0 0.742432 0.755371 0.052246 0.065430
0 0.861573 0.755860 0.128418 0.122070
2 0.944336 0.611816 0.096680 0.082031