0 0.180420 0.282471 0.115723 0.077636
2 0.324463 0.175537 0.069824 0.126465
1 0.199463 0.326904 0.128418 0.060059
0 0.866943 0.116699 0.081543 0.059570
1 0.885742 0.194824 0.221680 0.244141
2 0.571533 0.083252 0.110840 0.089356
1 0.622803 0.091309 0.182129 0.145508
2 0.812989 0.075927 0.074219 0.059082
0 0.812011 0.356689 0.098633 0.027832
2 0.559814 0.210205 0.067871 0.079590
0 0.729248 0.464112 0.132324 0.035645
2 0.697998 0.130615 0.065918 0.087402
2 0.062626 0.796260 0.085698 0.217367
2 0.257094 0.778606 0.186045 0.056273
2 0.266249 0.931976 0.188243 0.043032
2 0.340961 0.759848 0.059330 0.438045
1 0.316057 0.786329 0.334735 0.391703
0 0.659709 0.814466 0.178108 0.048549
1 0.895591 0.614201 0.192091 0.197507
2 0.918407 0.847567 0.041951 0.198609
2 0.560350 0.592685 0.083902 0.086064
0 0.684364 0.916529 0.158237 0.071720
2 0.789610 0.774192 0.077278 0.113649