2 0.118861 0.216815 0.187675 0.065100
2 0.301017 0.219574 0.114813 0.035308
2 0.426502 0.166060 0.146460 0.045239
2 0.179212 0.399426 0.081694 0.165508
0 0.284457 0.368532 0.115549 0.055170
0 0.439750 0.423701 0.080222 0.125786
0 0.191723 0.060135 0.124381 0.069514
0 0.057038 0.339844 0.109661 0.028688
2 0.559814 0.094970 0.089356 0.076660
1 0.634278 0.395020 0.203125 0.125976
1 0.629150 0.115723 0.073731 0.127930
0 0.670899 0.398193 0.244141 0.136231
1 0.196614 0.802328 0.334537 0.366324
0 0.421474 0.662749 0.104910 0.029791
0 0.433578 0.824947 0.080700 0.036412
0 0.568115 0.609619 0.049316 0.031739
2 0.609619 0.582275 0.069824 0.038574
2 0.712646 0.899414 0.148926 0.100586
0 0.631104 0.863037 0.065918 0.045410