2 0.391601 0.135987 0.025390 0.039551
0 0.043945 0.340088 0.064453 0.011230
1 0.305664 0.376465 0.244141 0.244141
1 0.175537 0.418701 0.149902 0.083496
2 0.631741 0.198609 0.160444 0.094892
2 0.700187 0.367980 0.086846 0.217367
2 0.844072 0.350326 0.167068 0.047446
2 0.827144 0.425356 0.100830 0.118063
2 0.353027 0.593506 0.110352 0.064941
1 0.076416 0.770996 0.131348 0.128906
0 0.182129 0.518311 0.066406 0.026856
0 0.075195 0.630860 0.145508 0.103515
2 0.098144 0.660888 0.082031 0.104981
1 0.379395 0.761719 0.208008 0.229492
0 0.208008 0.740479 0.135742 0.088379
0 0.403076 0.656739 0.059082 0.041992
0 0.059570 0.784180 0.085938 0.057617
1 0.728158 0.787984 0.418106 0.368532