2 0.118861 0.216815 0.187675 0.065100
2 0.301017 0.219574 0.114813 0.035308
2 0.426502 0.166060 0.146460 0.045239
2 0.179212 0.399426 0.081694 0.165508
0 0.284457 0.368532 0.115549 0.055170
0 0.439750 0.423701 0.080222 0.125786
0 0.191723 0.060135 0.124381 0.069514
0 0.057038 0.339844 0.109661 0.028688
0 0.842041 0.333008 0.187989 0.235351
1 0.723877 0.424804 0.104981 0.092773
0 0.585938 0.377441 0.083985 0.052734
1 0.725097 0.236572 0.113281 0.104981
1 0.671386 0.268554 0.244141 0.244141
2 0.084376 0.840947 0.158827 0.041929
2 0.085204 0.934183 0.054596 0.115856
2 0.436360 0.584961 0.131528 0.132407
1 0.093063 0.720126 0.166271 0.089374
1 0.766077 0.741090 0.368223 0.444665