1 0.367676 0.237061 0.227539 0.201660
0 0.206787 0.031739 0.085449 0.038086
0 0.449707 0.370605 0.069336 0.034180
2 0.416504 0.404052 0.101562 0.074707
2 0.236328 0.176269 0.074219 0.097656
0 0.404785 0.102295 0.156250 0.051270
2 0.211670 0.289307 0.056153 0.066894
1 0.338867 0.323487 0.244141 0.221192
0 0.273193 0.090088 0.021972 0.097168
2 0.234375 0.190186 0.041992 0.085449
0 0.703858 0.248779 0.151856 0.200683
0 0.638672 0.314698 0.121094 0.133301
0 0.806153 0.115723 0.051758 0.019531
2 0.436767 0.590332 0.112793 0.032226
1 0.291992 0.664551 0.244141 0.244141
1 0.109864 0.688965 0.091797 0.073242
0 0.181885 0.729248 0.064941 0.133301
2 0.352539 0.779052 0.131836 0.167481
1 0.146240 0.707519 0.199707 0.244141
0 0.150146 0.645019 0.095215 0.057617
1 0.701965 0.793498 0.360976 0.416099