2 0.170899 0.290772 0.041992 0.075684
1 0.242920 0.394776 0.147949 0.117676
2 0.425049 0.445557 0.066894 0.077636
2 0.211670 0.238526 0.092285 0.123535
2 0.325927 0.093750 0.057129 0.071289
0 0.163819 0.282471 0.111816 0.040528
0 0.135498 0.128418 0.117676 0.067383
1 0.187989 0.224609 0.244141 0.244141
1 0.327636 0.065430 0.188476 0.084961
0 0.808009 0.257641 0.252442 0.060686
0 0.558879 0.140130 0.091262 0.158888
0 0.665964 0.302880 0.069918 0.294604
0 0.110107 0.822754 0.112793 0.067383
1 0.243164 0.672851 0.244141 0.244141
0 0.291992 0.839355 0.078125 0.031250
1 0.209961 0.848633 0.244141 0.175781
2 0.081787 0.656983 0.077636 0.035645
2 0.434571 0.660644 0.072265 0.063477
2 0.634765 0.739746 0.040039 0.065430
2 0.816895 0.817627 0.060547 0.043457
0 0.851807 0.834961 0.140136 0.033203
2 0.673828 0.942383 0.128906 0.054688
2 0.783448 0.828369 0.113769 0.061035