0 0.356913 0.394461 0.059424 0.219574
0 0.036315 0.429770 0.082901 0.049653
0 0.190745 0.225642 0.073363 0.137924
0 0.283917 0.164405 0.145260 0.222885
2 0.739194 0.210196 0.135421 0.184265
2 0.810953 0.322741 0.177372 0.062893
2 0.721163 0.398323 0.103774 0.165508
2 0.322022 0.674561 0.019043 0.044434
2 0.027099 0.779541 0.046386 0.216308
2 0.192383 0.615722 0.085938 0.094727
1 0.341797 0.797364 0.244141 0.244141
0 0.320801 0.882080 0.052734 0.034668
1 0.249511 0.621338 0.214844 0.216308
0 0.228271 0.577148 0.070801 0.041992
1 0.752686 0.885010 0.166504 0.134277
0 0.727051 0.614013 0.125000 0.099121
1 0.901612 0.585449 0.148926 0.122070