0 0.170012 0.249365 0.116285 0.041929
1 0.365416 0.268123 0.240667 0.383979
0 0.722936 0.209092 0.133183 0.045239
0 0.728314 0.321086 0.107539 0.052963
0 0.576932 0.109787 0.099266 0.038619
1 0.640214 0.400529 0.258920 0.189782
0 0.880936 0.117511 0.129874 0.036412
0 0.892517 0.305638 0.065351 0.068410
2 0.126589 0.720126 0.216379 0.060686
2 0.403687 0.668818 0.186203 0.079444
0 0.434230 0.927011 0.105982 0.141234
0 0.287770 0.873497 0.141309 0.095994
0 0.080590 0.854739 0.146460 0.060686
0 0.191723 0.570617 0.111133 0.068410
1 0.660644 0.829590 0.162109 0.149414
1 0.796386 0.606445 0.232422 0.140625
1 0.814941 0.756836 0.156250 0.168945
0 0.582519 0.706543 0.140625 0.054688
1 0.678222 0.901123 0.082031 0.067871
0 0.640381 0.922608 0.136231 0.061035
1 0.697265 0.806640 0.244141 0.244141
0 0.694824 0.944092 0.088867 0.059082