1 0.119007 0.120821 0.198459 0.206334
1 0.089341 0.415977 0.128214 0.154474
1 0.387028 0.116959 0.186183 0.134613
1 0.388392 0.411012 0.172543 0.146751
1 0.229148 0.289639 0.152765 0.111442
0 0.700924 0.292949 0.042687 0.301225
0 0.801753 0.185369 0.066239 0.152268
0 0.854743 0.384530 0.078014 0.182059
0 0.647196 0.457354 0.047103 0.056273
2 0.182892 0.554066 0.142044 0.070617
2 0.115918 0.706333 0.178844 0.094892
2 0.209387 0.892254 0.068446 0.175438
2 0.345544 0.866324 0.164124 0.103719
2 0.464405 0.691438 0.072126 0.263709
2 0.864680 0.730608 0.044895 0.218471
2 0.614445 0.590478 0.075806 0.183163
1 0.743243 0.771433 0.130269 0.167715
1 0.566607 0.801225 0.106718 0.161095
2 0.702028 0.925907 0.122909 0.097098
2 0.848856 0.903840 0.092734 0.057376
2 0.932390 0.748814 0.084638 0.065100