2 0.350342 0.395752 0.092285 0.109864
2 0.181396 0.235107 0.134277 0.172364
2 0.250733 0.320312 0.128418 0.082031
1 0.245117 0.138183 0.244141 0.209961
2 0.239990 0.321777 0.057129 0.072265
0 0.426026 0.208008 0.079590 0.048828
0 0.430176 0.177490 0.057617 0.028809
0 0.416504 0.070801 0.098633 0.060547
1 0.362793 0.127930 0.244141 0.244141
0 0.802490 0.032715 0.098144 0.040039
2 0.698242 0.454834 0.108398 0.067871
1 0.655274 0.254638 0.244141 0.214356
2 0.124268 0.727051 0.067871 0.109375
2 0.113281 0.737061 0.083985 0.096191
2 0.227295 0.928467 0.101074 0.059082
0 0.254638 0.778076 0.204590 0.149902
1 0.781882 0.785226 0.239930 0.358601