2 0.109375 0.205078 0.065430 0.058594
2 0.320312 0.406250 0.117188 0.048828
2 0.279297 0.133056 0.111328 0.072754
0 0.153320 0.219482 0.079102 0.057129
0 0.248779 0.255127 0.138183 0.062011
2 0.571022 0.194748 0.131741 0.082754
2 0.718955 0.306742 0.075806 0.264813
2 0.764954 0.079444 0.063295 0.101512
2 0.834136 0.332120 0.051519 0.194196
2 0.570287 0.419287 0.133213 0.121372
1 0.372559 0.759765 0.244141 0.244141
2 0.241455 0.854492 0.090332 0.052734
1 0.185303 0.831787 0.059082 0.059082
1 0.189453 0.836914 0.244141 0.244141
2 0.169189 0.918945 0.192871 0.111328
1 0.258789 0.697754 0.244141 0.244141
0 0.791504 0.571533 0.118164 0.049316
2 0.815674 0.604737 0.053222 0.094239
2 0.870605 0.652588 0.148438 0.083496
2 0.614746 0.846680 0.082031 0.096680
0 0.539795 0.773438 0.062989 0.056641
1 0.694580 0.632324 0.226074 0.129883
0 0.888672 0.567871 0.101562 0.063477
0 0.873291 0.967529 0.056153 0.017090