1 0.242139 0.238883 0.472501 0.457906
0 0.578382 0.358049 0.139101 0.073927
0 0.551519 0.220677 0.092734 0.050756
0 0.795129 0.057928 0.088318 0.045239
0 0.870567 0.139027 0.147932 0.094892
1 0.799177 0.299569 0.354008 0.360808
1 0.155274 0.789307 0.244141 0.210449
2 0.367432 0.554932 0.064941 0.019043
0 0.154053 0.516358 0.171386 0.015137
1 0.183594 0.744629 0.217774 0.182617
0 0.254395 0.538086 0.103515 0.040039
2 0.289307 0.874756 0.141114 0.098144
1 0.297851 0.722168 0.244141 0.208008
1 0.286133 0.747559 0.244141 0.186524
1 0.751475 0.866877 0.459935 0.257090