0 0.198815 0.260951 0.114447 0.186473
0 0.294187 0.183714 0.146727 0.301225
0 0.348110 0.434183 0.071163 0.115856
0 0.427710 0.404943 0.111513 0.041929
0 0.875489 0.237061 0.244141 0.038574
1 0.806640 0.125000 0.150391 0.127930
0 0.933105 0.277832 0.124023 0.078125
2 0.672851 0.406983 0.185547 0.077636
1 0.846436 0.315186 0.147949 0.134277
2 0.836426 0.067139 0.076172 0.047364
2 0.907959 0.136231 0.117676 0.094727
0 0.775635 0.209473 0.081543 0.052734
0 0.710449 0.132324 0.096680 0.050781
1 0.237826 0.882324 0.384659 0.188679
2 0.722900 0.710205 0.049316 0.054199
1 0.784668 0.743408 0.233399 0.199707
0 0.787842 0.824707 0.045410 0.034180