2 0.365967 0.316651 0.105957 0.088379
0 0.268311 0.259033 0.135254 0.070801
1 0.153320 0.406494 0.243164 0.186035
1 0.133056 0.161377 0.112793 0.193848
1 0.146484 0.403321 0.107422 0.125000
1 0.270752 0.307373 0.210449 0.158692
0 0.301270 0.213623 0.079102 0.034668
2 0.765869 0.051026 0.161621 0.083496
1 0.745606 0.239013 0.176758 0.108886
1 0.814941 0.313233 0.192383 0.198731
2 0.697021 0.309571 0.078614 0.093750
2 0.844483 0.156982 0.086426 0.069824
1 0.078614 0.842529 0.139649 0.149902
0 0.133545 0.865967 0.148926 0.091309
2 0.087158 0.711426 0.068848 0.049805
2 0.296386 0.885010 0.081055 0.043457
0 0.178467 0.662110 0.052246 0.042969
2 0.314941 0.835205 0.135742 0.110840
0 0.036621 0.859375 0.052734 0.095703
2 0.210938 0.578614 0.114258 0.077148
0 0.133301 0.537597 0.103515 0.073242
2 0.589211 0.701238 0.158598 0.058204
2 0.881214 0.699381 0.111515 0.128793
1 0.628448 0.594117 0.220551 0.175851
1 0.827935 0.907431 0.302328 0.168421