0 0.341797 0.327636 0.062500 0.069336
2 0.244141 0.311767 0.167969 0.096191
0 0.386719 0.123780 0.063477 0.048340
2 0.442383 0.218261 0.113281 0.083985
0 0.375000 0.263672 0.144531 0.146484
0 0.061524 0.441895 0.115235 0.060547
1 0.081543 0.247558 0.103515 0.105469
0 0.152099 0.158203 0.038574 0.070312
1 0.833496 0.368652 0.244141 0.244141
0 0.647217 0.168945 0.197754 0.035156
1 0.817871 0.149414 0.190430 0.121094
2 0.704590 0.368652 0.183594 0.086914
2 0.695068 0.372802 0.129394 0.083496
2 0.774414 0.281739 0.171875 0.115235
2 0.880127 0.229737 0.063965 0.100098
2 0.089599 0.666504 0.092285 0.068360
0 0.106690 0.901612 0.069824 0.118652
2 0.107177 0.857910 0.089356 0.105469
2 0.370605 0.775635 0.062500 0.080566
2 0.064941 0.876221 0.054688 0.088379
2 0.188232 0.734619 0.145996 0.075684
1 0.869629 0.704346 0.147461 0.117676
1 0.858399 0.681640 0.192383 0.244141
0 0.757812 0.623047 0.163086 0.087890
0 0.583740 0.577148 0.113769 0.076172
2 0.769287 0.689941 0.079590 0.085938
2 0.826660 0.819824 0.145508 0.076172