1 0.045166 0.216308 0.081543 0.090820
0 0.291504 0.204346 0.081055 0.048340
1 0.351074 0.228027 0.244141 0.244141
2 0.185058 0.259522 0.217774 0.062011
1 0.346679 0.254395 0.244141 0.244141
1 0.170654 0.230713 0.112793 0.068848
0 0.291015 0.205322 0.131836 0.060059
1 0.629533 0.318879 0.201659 0.342050
2 0.842968 0.278054 0.131005 0.052963
2 0.700555 0.089374 0.112605 0.161095
1 0.870567 0.427563 0.199452 0.107028
2 0.088793 0.667163 0.177587 0.036412
2 0.071107 0.754331 0.051255 0.109235
2 0.337126 0.860256 0.054864 0.217367
1 0.895996 0.752686 0.187500 0.147949
2 0.638916 0.649414 0.082519 0.112305
0 0.771972 0.853515 0.073242 0.091797