2 0.118861 0.216815 0.187675 0.065100
2 0.301017 0.219574 0.114813 0.035308
2 0.426502 0.166060 0.146460 0.045239
2 0.179212 0.399426 0.081694 0.165508
0 0.284457 0.368532 0.115549 0.055170
0 0.439750 0.423701 0.080222 0.125786
0 0.191723 0.060135 0.124381 0.069514
0 0.057038 0.339844 0.109661 0.028688
0 0.674072 0.246582 0.059082 0.042969
2 0.713135 0.275635 0.116699 0.092285
0 0.748779 0.039062 0.096191 0.066406
1 0.319824 0.807862 0.208008 0.207519
0 0.445801 0.762451 0.049805 0.023926
1 0.268066 0.667725 0.207031 0.085449
0 0.323487 0.662597 0.104004 0.064453
1 0.668945 0.648193 0.049805 0.047364
2 0.838135 0.610840 0.103027 0.123047
0 0.801270 0.552490 0.115235 0.061035
0 0.682373 0.642578 0.141114 0.062500
2 0.803711 0.577636 0.064453 0.084961