0 0.067139 0.215576 0.077636 0.037597
0 0.276612 0.120849 0.099121 0.066894
1 0.299561 0.380615 0.109864 0.084473
0 0.432373 0.229981 0.115723 0.055664
1 0.232422 0.125244 0.166992 0.135254
1 0.798340 0.339355 0.244141 0.244141
2 0.556885 0.120849 0.083496 0.099121
1 0.801270 0.307617 0.232422 0.244141
1 0.871582 0.315429 0.244141 0.244141
2 0.333496 0.850342 0.091797 0.047364
2 0.343994 0.881592 0.210449 0.071777
1 0.325196 0.825195 0.244141 0.244141
2 0.283448 0.594239 0.033691 0.069336
0 0.653821 0.807845 0.226683 0.097098
0 0.688779 0.604822 0.208283 0.050756
1 0.906999 0.617511 0.161916 0.201920
0 0.680684 0.925907 0.174428 0.061789