1 0.183643 0.263709 0.334198 0.454595
0 0.405339 0.116407 0.087685 0.045239
0 0.410303 0.187576 0.090995 0.037515
0 0.423538 0.459009 0.100921 0.048549
0 0.612340 0.255109 0.211683 0.475542
2 0.118861 0.716816 0.187675 0.065100
2 0.301017 0.719574 0.114813 0.035308
2 0.426502 0.666060 0.146460 0.045239
2 0.179212 0.899426 0.081694 0.165508
0 0.284457 0.868532 0.115549 0.055170
0 0.439750 0.923701 0.080222 0.125786
0 0.191723 0.560134 0.124381 0.069514
0 0.057038 0.839843 0.109661 0.028688
0 0.654297 0.708252 0.088867 0.049316
1 0.825195 0.835449 0.244141 0.228516
1 0.733399 0.616455 0.244141 0.215332