1 0.122315 0.087158 0.058105 0.056153
0 0.144287 0.414795 0.154785 0.065918
2 0.306152 0.448974 0.109375 0.083496
1 0.868653 0.147705 0.147461 0.155761
0 0.641358 0.250976 0.078614 0.039062
2 0.751709 0.376953 0.117676 0.100586
0 0.729248 0.138672 0.127442 0.083985
1 0.807862 0.229004 0.095215 0.086914
0 0.749511 0.400147 0.061524 0.042480
0 0.754395 0.209473 0.131836 0.088867
2 0.544434 0.188232 0.044922 0.073731
0 0.639160 0.013184 0.068360 0.026367
0 0.064398 0.590478 0.111133 0.072823
0 0.076542 0.766468 0.136893 0.047446
0 0.455941 0.646199 0.081694 0.051859
0 0.464037 0.871841 0.086110 0.037515
0 0.275626 0.924252 0.237723 0.131303
0 0.135789 0.628545 0.031648 0.215161
0 0.575928 0.627441 0.098144 0.244141
2 0.654297 0.668945 0.063477 0.083985
1 0.741211 0.651612 0.243164 0.218261
2 0.778564 0.838135 0.061035 0.094239
2 0.890869 0.585449 0.116699 0.077148