2 0.069580 0.292237 0.115723 0.170410
2 0.113281 0.073486 0.124023 0.138183
0 0.086670 0.140381 0.109864 0.056153
0 0.326416 0.357177 0.087402 0.062011
0 0.452881 0.275879 0.090332 0.149414
1 0.629883 0.107177 0.244141 0.182129
1 0.715576 0.103515 0.189942 0.189453
1 0.839600 0.164551 0.198731 0.175781
0 0.555664 0.183838 0.053711 0.025879
0 0.955811 0.260742 0.065918 0.026367
1 0.762695 0.246094 0.244141 0.244141
2 0.644287 0.056153 0.062989 0.094727
0 0.912110 0.215088 0.070312 0.043457
0 0.916260 0.177979 0.055176 0.028809
1 0.141677 0.600960 0.239195 0.157784
1 0.133213 0.858049 0.200187 0.228401
1 0.388599 0.642337 0.175164 0.141234
0 0.383079 0.931976 0.074334 0.043032
0 0.405527 0.855290 0.111869 0.059583
0 0.276361 0.729505 0.094942 0.024275
0 0.289241 0.969491 0.052991 0.025378
0 0.309113 0.872393 0.078014 0.040826
1 0.748394 0.750469 0.473237 0.465629