1 0.287033 0.270330 0.225211 0.403840
2 0.619629 0.119140 0.080078 0.054688
2 0.607910 0.185547 0.085938 0.141601
2 0.562011 0.337402 0.078125 0.129883
0 0.621338 0.180176 0.094239 0.049805
2 0.745606 0.095948 0.097656 0.059082
2 0.827392 0.143555 0.116699 0.075195
2 0.254151 0.753906 0.231933 0.158203
0 0.284424 0.881104 0.056153 0.043457
1 0.349365 0.670654 0.182129 0.142090
2 0.376709 0.708252 0.075684 0.123535
2 0.639317 0.793501 0.223651 0.390599
2 0.865940 0.776398 0.205818 0.190886
0 0.776034 0.578892 0.278635 0.142337