1 0.135742 0.179688 0.244141 0.244141
2 0.282959 0.094970 0.055176 0.074707
0 0.415772 0.126465 0.161621 0.056641
0 0.408691 0.280274 0.151367 0.152344
2 0.221192 0.252441 0.141601 0.099610
0 0.442383 0.423096 0.091797 0.050293
2 0.439941 0.119629 0.074219 0.041016
0 0.391358 0.216064 0.086426 0.048340
1 0.345948 0.338135 0.174317 0.212402
1 0.685059 0.281250 0.244141 0.244141
0 0.892334 0.262939 0.123535 0.036621
1 0.694092 0.407226 0.183106 0.120117
1 0.119629 0.620362 0.160156 0.091309
2 0.217529 0.572265 0.163574 0.078125
1 0.354980 0.781739 0.244141 0.244141
1 0.424561 0.739258 0.128418 0.081055
1 0.308105 0.874267 0.244141 0.241699
1 0.215576 0.765625 0.172364 0.196289
2 0.863770 0.663086 0.154297 0.156250
1 0.830811 0.737549 0.133301 0.104004
1 0.682129 0.833496 0.241211 0.244141
0 0.739013 0.798584 0.128418 0.033691
2 0.880615 0.905517 0.122559 0.142090