2 0.256836 0.123047 0.244141 0.065430
2 0.478760 0.313965 0.039551 0.040039
0 0.370117 0.035401 0.115235 0.059082
2 0.549805 0.090332 0.076172 0.109375
1 0.607910 0.373047 0.197266 0.175781
2 0.682129 0.058349 0.071289 0.079590
2 0.116699 0.786133 0.145508 0.188476
0 0.259522 0.934082 0.185058 0.114258
1 0.145019 0.713867 0.244141 0.197266
2 0.199707 0.757080 0.144531 0.052246
0 0.417480 0.803222 0.083985 0.056641
1 0.360840 0.658447 0.197266 0.192871
2 0.298096 0.724121 0.061035 0.077148
0 0.100830 0.707763 0.107910 0.034668
1 0.671484 0.630752 0.244346 0.228401
1 0.882711 0.910460 0.173692 0.161095
2 0.858056 0.778053 0.142044 0.055170