2 0.088793 0.167163 0.177587 0.036412
2 0.071107 0.254331 0.051255 0.109235
2 0.337126 0.360256 0.054864 0.217367
2 0.613710 0.211299 0.217115 0.067307
2 0.803593 0.217919 0.121437 0.054066
2 0.917671 0.170474 0.177372 0.078340
0 0.773049 0.370738 0.117758 0.070617
0 0.585006 0.349222 0.167068 0.089374
0 0.771209 0.098201 0.090526 0.174335
2 0.692091 0.365773 0.113341 0.228401
1 0.249821 0.872945 0.459935 0.233918
2 0.569580 0.792237 0.115723 0.170410
2 0.613281 0.573487 0.124023 0.138183
0 0.586670 0.640381 0.109864 0.056153
0 0.826416 0.857177 0.087402 0.062011
0 0.952881 0.775879 0.090332 0.149414