1 0.262378 0.273640 0.283353 0.406046
2 0.559814 0.094970 0.089356 0.076660
1 0.634278 0.395020 0.203125 0.125976
1 0.629150 0.115723 0.073731 0.127930
0 0.670899 0.398193 0.244141 0.136231
2 0.109375 0.705078 0.065430 0.058594
2 0.320312 0.906250 0.117188 0.048828
2 0.279297 0.633057 0.111328 0.072754
0 0.153320 0.719483 0.079102 0.057129
0 0.248779 0.755127 0.138183 0.062011
1 0.655029 0.919434 0.170410 0.152344
0 0.628174 0.588867 0.113769 0.040039
0 0.794189 0.652588 0.079590 0.026856
1 0.847656 0.871094 0.244141 0.244141
2 0.920899 0.774658 0.082031 0.085449
2 0.599854 0.939941 0.122559 0.103515
2 0.773193 0.883789 0.100098 0.052734
2 0.732910 0.910645 0.188476 0.059570
1 0.696289 0.799805 0.244141 0.244141
0 0.576905 0.572265 0.043457 0.017578