2 0.350342 0.395752 0.092285 0.109864
2 0.181396 0.235107 0.134277 0.172364
2 0.250733 0.320312 0.128418 0.082031
1 0.245117 0.138183 0.244141 0.209961
2 0.239990 0.321777 0.057129 0.072265
0 0.426026 0.208008 0.079590 0.048828
0 0.430176 0.177490 0.057617 0.028809
0 0.416504 0.070801 0.098633 0.060547
1 0.362793 0.127930 0.244141 0.244141
0 0.888916 0.085694 0.075684 0.053222
0 0.864746 0.072265 0.081055 0.041992
1 0.848145 0.187500 0.244141 0.223633
2 0.759521 0.050537 0.050293 0.050293
1 0.274170 0.798584 0.163574 0.158692
2 0.065918 0.721924 0.104492 0.111816
0 0.207519 0.648682 0.045899 0.051270
1 0.192871 0.668945 0.244141 0.244141
2 0.671386 0.689697 0.244141 0.172364
0 0.561035 0.638672 0.089844 0.045899
0 0.678711 0.737061 0.160156 0.049316
2 0.819580 0.707031 0.070801 0.125976
1 0.830323 0.761475 0.229004 0.200683
2 0.888672 0.563477 0.201172 0.086914