2 0.236572 0.131348 0.148926 0.039062
1 0.261719 0.242431 0.223633 0.102051
0 0.223877 0.291992 0.139160 0.092773
0 0.090332 0.401612 0.080078 0.054199
2 0.241944 0.381836 0.133301 0.065430
0 0.306397 0.246582 0.067871 0.051758
2 0.250976 0.030030 0.140625 0.045410
1 0.257324 0.212158 0.202149 0.152832
1 0.446045 0.358886 0.102051 0.081055
1 0.619007 0.120821 0.198459 0.206334
1 0.589341 0.415977 0.128214 0.154474
1 0.887028 0.116959 0.186183 0.134613
1 0.888392 0.411012 0.172543 0.146751
1 0.729148 0.289639 0.152765 0.111442
1 0.259522 0.841309 0.116699 0.101562
2 0.364502 0.587890 0.161621 0.067383
0 0.380127 0.862061 0.134277 0.087402
2 0.364013 0.796631 0.056153 0.097168
1 0.137939 0.850830 0.237793 0.213379
0 0.382324 0.837890 0.079102 0.039062
1 0.361084 0.726807 0.221192 0.132324
0 0.697835 0.779876 0.056996 0.274923
0 0.802328 0.720433 0.074343 0.190712
0 0.860563 0.912384 0.076821 0.131270