2 0.088867 0.166748 0.088867 0.066894
1 0.305664 0.322998 0.201172 0.222168
0 0.139649 0.231933 0.129883 0.244141
2 0.224854 0.248291 0.242676 0.106934
1 0.447022 0.357177 0.104981 0.129394
2 0.136474 0.237061 0.084473 0.062989
1 0.422851 0.300049 0.100586 0.126465
0 0.129883 0.184082 0.135742 0.063477
0 0.397949 0.393799 0.054688 0.036621
2 0.589876 0.168819 0.155208 0.035308
2 0.570024 0.262055 0.062083 0.129097
1 0.237549 0.943115 0.110840 0.089356
2 0.185791 0.802735 0.152832 0.106445
2 0.418457 0.586182 0.148438 0.049316
0 0.223633 0.645996 0.114258 0.139649
0 0.186768 0.932129 0.074707 0.049805
2 0.865967 0.816650 0.105957 0.088379
0 0.768311 0.759033 0.135254 0.070801
1 0.653320 0.906494 0.243164 0.186035
1 0.633057 0.661377 0.112793 0.193848
1 0.646485 0.903320 0.107422 0.125000
1 0.770752 0.807373 0.210449 0.158692
0 0.801270 0.713623 0.079102 0.034668