1 0.184884 0.130199 0.277120 0.242745
2 0.089340 0.418735 0.132355 0.071720
2 0.371837 0.382323 0.100094 0.093788
2 0.380522 0.223436 0.079413 0.107028
1 0.625244 0.156494 0.184082 0.187989
1 0.874511 0.240723 0.244141 0.244141
0 0.684082 0.299561 0.100586 0.024903
1 0.678711 0.412598 0.223633 0.122070
1 0.196614 0.802328 0.334537 0.366324
0 0.421474 0.662749 0.104910 0.029791
0 0.433578 0.824947 0.080700 0.036412
0 0.562011 0.563477 0.075195 0.078125
2 0.839844 0.765136 0.156250 0.069336
0 0.590332 0.572265 0.081055 0.040039