2 0.129151 0.116211 0.199707 0.132812
0 0.191894 0.270020 0.125976 0.048828
1 0.230469 0.286621 0.244141 0.244141
2 0.377929 0.425049 0.109375 0.088379
1 0.356446 0.063232 0.118164 0.106934
2 0.958008 0.437256 0.069336 0.094239
0 0.645019 0.273682 0.060547 0.029785
0 0.930908 0.203369 0.134277 0.071777
0 0.711670 0.039795 0.118652 0.067871
2 0.689697 0.315186 0.169433 0.077636
0 0.672851 0.298340 0.106445 0.053711
2 0.683106 0.371826 0.062500 0.127442
2 0.708740 0.246338 0.124511 0.178223
1 0.726562 0.127930 0.244141 0.167969
0 0.037597 0.786865 0.052734 0.032715
0 0.262696 0.820312 0.083985 0.034180
0 0.247070 0.662110 0.089844 0.050781
2 0.056153 0.779541 0.047851 0.106934
2 0.185791 0.689453 0.143067 0.110352
0 0.042724 0.698975 0.049316 0.017090
1 0.249511 0.848145 0.244141 0.244141
0 0.079834 0.824707 0.067871 0.029297
2 0.100586 0.653809 0.034180 0.072265
2 0.269043 0.813721 0.076172 0.074707
1 0.729260 0.806742 0.362996 0.383979