2 0.139318 0.293501 0.223651 0.390599
2 0.365940 0.276398 0.205818 0.190886
0 0.276034 0.078892 0.278635 0.142337
0 0.929814 0.250469 0.119229 0.083858
0 0.576910 0.372393 0.091998 0.135716
1 0.827512 0.384530 0.086846 0.129097
0 0.718219 0.386186 0.033119 0.097098
0 0.617022 0.139578 0.176636 0.040826
1 0.183643 0.763710 0.334198 0.454595
0 0.405339 0.616407 0.087685 0.045239
0 0.410303 0.687576 0.090995 0.037515
0 0.423538 0.959009 0.100921 0.048549
0 0.711356 0.711850 0.141455 0.037515
0 0.594303 0.611994 0.134010 0.058479
0 0.880936 0.610339 0.153036 0.055170
0 0.830062 0.880117 0.067832 0.144543
0 0.663790 0.906046 0.051288 0.121372
0 0.872250 0.694196 0.135664 0.061789
0 0.919402 0.901081 0.059560 0.182059
0 0.535570 0.861360 0.066178 0.241642
0 0.711356 0.801777 0.143110 0.091581
0 0.727900 0.545790 0.141455 0.056273