1 0.253546 0.347015 0.432022 0.292397
2 0.724107 0.061238 0.225946 0.093788
2 0.528703 0.384530 0.057406 0.215161
2 0.837080 0.352533 0.219323 0.091581
1 0.625117 0.275295 0.148669 0.221781
2 0.084101 0.662749 0.155208 0.045239
2 0.059556 0.747710 0.068580 0.120269
0 0.592285 0.948975 0.070312 0.050293
2 0.909668 0.875976 0.034180 0.049805
1 0.739746 0.824219 0.244141 0.244141
1 0.711914 0.726807 0.244141 0.229981
0 0.674316 0.876953 0.244141 0.067383
2 0.760010 0.753662 0.122559 0.051270
0 0.653564 0.602783 0.148926 0.079590
0 0.918945 0.861816 0.122070 0.032226