2 0.354465 0.284674 0.048806 0.209644
2 0.447941 0.281364 0.070314 0.222885
1 0.133597 0.252124 0.217559 0.415977
1 0.609864 0.352539 0.110352 0.121094
0 0.706299 0.217285 0.074707 0.045899
2 0.796142 0.314209 0.091309 0.128418
2 0.932862 0.245117 0.090332 0.049805
1 0.765136 0.145019 0.244141 0.244141
2 0.918701 0.231201 0.050293 0.071777
1 0.637451 0.249756 0.178223 0.201660
2 0.962158 0.242431 0.037597 0.069824
2 0.238281 0.686035 0.108398 0.047851
0 0.057617 0.953858 0.105469 0.084473
2 0.120606 0.919922 0.135742 0.152344
1 0.395508 0.782471 0.162109 0.170410
0 0.202881 0.629394 0.229981 0.070312
2 0.776123 0.958740 0.071777 0.043457
0 0.625000 0.943604 0.103515 0.057129
2 0.732666 0.586182 0.079590 0.091309
1 0.857910 0.691406 0.244141 0.244141
1 0.677246 0.753174 0.244141 0.218261
1 0.614502 0.850830 0.213379 0.187011
2 0.729492 0.568604 0.098633 0.069824
2 0.899170 0.546386 0.051270 0.077148
2 0.811279 0.690674 0.076660 0.043457
0 0.640136 0.707275 0.244141 0.121582