1 0.239746 0.344483 0.104492 0.080566
1 0.087890 0.283936 0.080078 0.054199
0 0.434326 0.143067 0.030762 0.057617
1 0.867676 0.237061 0.227539 0.201660
0 0.706787 0.031739 0.085449 0.038086
0 0.949707 0.370605 0.069336 0.034180
2 0.916504 0.404052 0.101562 0.074707
2 0.736328 0.176269 0.074219 0.097656
0 0.904785 0.102295 0.156250 0.051270
2 0.711670 0.289307 0.056153 0.066894
1 0.838867 0.323487 0.244141 0.221192
0 0.773193 0.090088 0.021972 0.097168
2 0.734375 0.190186 0.041992 0.085449
1 0.387495 0.794053 0.215643 0.371841
1 0.766077 0.741090 0.368223 0.444665