0 0.400390 0.300781 0.080078 0.058594
0 0.044678 0.221924 0.025879 0.101074
1 0.244385 0.165527 0.232910 0.216797
0 0.329346 0.082764 0.110840 0.046386
1 0.143067 0.180176 0.228516 0.244141
1 0.367188 0.421142 0.166016 0.108886
1 0.256348 0.101806 0.187500 0.139160
2 0.220703 0.233154 0.171875 0.100098
0 0.688721 0.031447 0.326622 0.056273
0 0.597305 0.251572 0.188412 0.037515
0 0.567866 0.152268 0.129533 0.050756
0 0.672297 0.415977 0.137590 0.048549
0 0.882401 0.407701 0.205765 0.065100
1 0.128753 0.749917 0.225226 0.418184
1 0.392495 0.672129 0.201016 0.220677
1 0.392128 0.906046 0.181208 0.156681
1 0.629874 0.584409 0.220041 0.157784
1 0.641455 0.874600 0.231623 0.206334
0 0.784978 0.876255 0.033916 0.240538
1 0.909888 0.661095 0.166271 0.174335