1 0.229261 0.306742 0.362996 0.383979
0 0.666260 0.304199 0.051270 0.083008
1 0.859864 0.320068 0.177734 0.135254
0 0.840088 0.406494 0.093261 0.041504
2 0.950684 0.182617 0.072265 0.121094
1 0.756836 0.397949 0.094727 0.083985
2 0.837646 0.305420 0.105957 0.094239
0 0.694092 0.363281 0.061035 0.141601
0 0.593750 0.082519 0.136719 0.078125
1 0.090480 0.752632 0.153120 0.435914
2 0.198360 0.875852 0.025520 0.169659
2 0.373134 0.847368 0.025520 0.130031
2 0.462068 0.896285 0.036346 0.160991
1 0.339108 0.626935 0.288454 0.191950
2 0.612606 0.648405 0.107453 0.199713
2 0.584638 0.822741 0.148669 0.095994
2 0.881607 0.669922 0.083166 0.123579
2 0.950053 0.768123 0.056670 0.189782
2 0.724475 0.917632 0.223739 0.082754