2 0.088793 0.167163 0.177587 0.036412
2 0.071107 0.254331 0.051255 0.109235
2 0.337126 0.360256 0.054864 0.217367
2 0.816895 0.410888 0.094727 0.066894
0 0.533447 0.345215 0.046386 0.102539
0 0.729004 0.360108 0.179688 0.051270
0 0.586426 0.354004 0.076172 0.049805
2 0.207179 0.720126 0.114077 0.076134
2 0.284457 0.823844 0.094942 0.166611
2 0.082798 0.831016 0.143516 0.077237
1 0.071390 0.631855 0.135421 0.201920
0 0.665039 0.541260 0.077148 0.057129
0 0.903564 0.945068 0.075684 0.085449
0 0.808838 0.560791 0.049316 0.023926
1 0.639649 0.888672 0.240234 0.172851
0 0.637207 0.943847 0.173828 0.057617
0 0.640625 0.634765 0.078125 0.031250
1 0.800781 0.689453 0.141601 0.199219