2 0.341128 0.220126 0.081694 0.201920
2 0.403687 0.432528 0.064031 0.127993
2 0.451526 0.101512 0.058142 0.191990
2 0.040847 0.116959 0.059615 0.183163
2 0.609619 0.072510 0.103027 0.114746
2 0.932129 0.377929 0.043945 0.046875
2 0.646485 0.202881 0.118164 0.140136
0 0.600586 0.319092 0.141601 0.062989
1 0.705566 0.361084 0.219726 0.135254
0 0.738281 0.074463 0.050781 0.070801
0 0.220868 0.702472 0.125738 0.060686
0 0.074037 0.614201 0.067005 0.049653
0 0.240722 0.911563 0.056251 0.145647
0 0.386726 0.619718 0.119947 0.047446
0 0.381350 0.688128 0.114156 0.036412
1 0.100921 0.867428 0.157172 0.236125
1 0.406166 0.881220 0.157172 0.212954
0 0.225831 0.553515 0.109193 0.043032
2 0.739013 0.724121 0.044434 0.244141
2 0.592530 0.729737 0.149902 0.147949
0 0.645752 0.635498 0.085449 0.050293
1 0.559814 0.779297 0.119629 0.081055
1 0.747314 0.655761 0.110840 0.086914
2 0.530517 0.943604 0.033691 0.092285
0 0.754883 0.726074 0.242188 0.061524
0 0.798340 0.908691 0.085938 0.101562
2 0.628662 0.617188 0.044434 0.065430
2 0.616211 0.824951 0.121094 0.163574