1 0.229261 0.306742 0.362996 0.383979
2 0.790771 0.176026 0.230957 0.182129
0 0.734131 0.078614 0.046386 0.097656
0 0.585693 0.409912 0.064941 0.027832
1 0.630615 0.245849 0.152832 0.153808
2 0.826660 0.436279 0.169922 0.106934
1 0.745606 0.161621 0.244141 0.202149
2 0.837403 0.240723 0.082031 0.062500
0 0.320153 0.938597 0.136893 0.045239
0 0.118493 0.931976 0.153085 0.054066
1 0.380135 0.677646 0.227418 0.324396
1 0.626221 0.751572 0.212699 0.476664
1 0.881239 0.750469 0.211963 0.459009
2 0.751706 0.746607 0.029440 0.500000