2 0.112605 0.148405 0.107453 0.199713
2 0.084638 0.322741 0.148669 0.095994
2 0.381607 0.169922 0.083166 0.123579
2 0.450053 0.268123 0.056670 0.189782
2 0.224475 0.417632 0.223739 0.082754
0 0.568115 0.109619 0.049316 0.031739
2 0.609619 0.082276 0.069824 0.038574
2 0.712646 0.399414 0.148926 0.100586
0 0.631104 0.363037 0.065918 0.045410
2 0.197611 0.581099 0.106718 0.155578
2 0.346648 0.788536 0.148669 0.065100
2 0.051519 0.618062 0.094206 0.165508
2 0.120701 0.785778 0.139837 0.147854
2 0.359160 0.909357 0.113341 0.132407
0 0.856913 0.894461 0.059424 0.219574
0 0.536315 0.929770 0.082901 0.049653
0 0.690745 0.725642 0.073363 0.137924
0 0.783917 0.664405 0.145260 0.222885