1 0.163574 0.344971 0.207031 0.211426
2 0.368897 0.176269 0.026856 0.066406
0 0.194092 0.410645 0.092285 0.073242
2 0.274658 0.118408 0.183106 0.129394
1 0.118652 0.388672 0.196289 0.137695
2 0.589600 0.419434 0.136231 0.071289
2 0.714112 0.386230 0.119629 0.042969
0 0.795410 0.332520 0.092773 0.122070
0 0.809570 0.150879 0.072265 0.024414
1 0.252442 0.750469 0.459253 0.425907
1 0.683350 0.838135 0.182129 0.114746
0 0.650146 0.674561 0.067871 0.125489
0 0.711182 0.814209 0.069824 0.053222
0 0.723633 0.713379 0.067383 0.244141
0 0.578369 0.641601 0.076660 0.024414