2 0.222412 0.326172 0.132324 0.070312
1 0.099610 0.196045 0.152344 0.167481
2 0.147461 0.172607 0.071289 0.098144
2 0.084717 0.215088 0.053222 0.064941
2 0.293457 0.430664 0.076172 0.094727
1 0.244385 0.298340 0.193848 0.244141
1 0.290772 0.178711 0.194824 0.223633
1 0.135254 0.383057 0.110352 0.076660
0 0.585006 0.369083 0.167068 0.065100
1 0.171484 0.743297 0.310585 0.424804
0 0.429814 0.916529 0.122173 0.023171
0 0.395223 0.743297 0.100094 0.034205
0 0.428710 0.570617 0.102302 0.044136
0 0.430918 0.851429 0.102302 0.049653
2 0.695068 0.639404 0.064941 0.098144
1 0.647949 0.723144 0.244141 0.244141
2 0.747070 0.568360 0.087890 0.071289
2 0.679199 0.770020 0.233399 0.236328