2 0.288574 0.140869 0.134766 0.039551
1 0.104004 0.056397 0.050781 0.050293
1 0.211426 0.200195 0.244141 0.097656
0 0.056641 0.251709 0.025390 0.043457
1 0.158692 0.361816 0.123047 0.093750
1 0.371094 0.123535 0.199219 0.166992
2 0.199707 0.388427 0.064453 0.078614
2 0.400635 0.050781 0.063965 0.073242
2 0.612606 0.148405 0.107453 0.199713
2 0.584638 0.322741 0.148669 0.095994
2 0.881607 0.169922 0.083166 0.123579
2 0.950053 0.268123 0.056670 0.189782
2 0.724475 0.417632 0.223739 0.082754
0 0.301026 0.588867 0.039551 0.112305
2 0.301026 0.720459 0.186035 0.141114
0 0.205567 0.917480 0.140625 0.070312
0 0.351807 0.961914 0.069824 0.043945
0 0.086426 0.691406 0.070312 0.044922
2 0.206787 0.693847 0.090332 0.117188
0 0.240234 0.894043 0.087890 0.057617
1 0.276123 0.666015 0.137207 0.236328
2 0.076172 0.674316 0.124023 0.104492
2 0.201904 0.852539 0.130371 0.168945
0 0.874615 0.721781 0.110397 0.066203
2 0.643884 0.693644 0.248026 0.129097
2 0.703499 0.880117 0.086110 0.219574
2 0.881239 0.889496 0.211963 0.123579