2 0.084101 0.162749 0.155208 0.045239
2 0.059556 0.247711 0.068580 0.120269
1 0.621840 0.265016 0.195770 0.448297
0 0.355957 0.611328 0.173828 0.095703
2 0.426513 0.776855 0.091309 0.114258
0 0.394043 0.769531 0.202149 0.108398
2 0.076172 0.655029 0.058594 0.128418
0 0.105224 0.818604 0.098144 0.116699
1 0.342529 0.869140 0.218261 0.181641
2 0.106934 0.601318 0.119140 0.119629
2 0.197998 0.619140 0.138183 0.072265
0 0.223633 0.822754 0.111328 0.069336
2 0.062500 0.665528 0.053711 0.123047
0 0.906739 0.739258 0.080078 0.100586
2 0.556396 0.567871 0.048340 0.096680
1 0.929932 0.624023 0.116699 0.096680
0 0.742432 0.755371 0.052246 0.065430
0 0.861573 0.755860 0.128418 0.122070
2 0.944336 0.611816 0.096680 0.082031