2 0.305664 0.436035 0.056641 0.097656
2 0.346436 0.203614 0.136231 0.083985
1 0.412842 0.285401 0.168457 0.170410
1 0.234375 0.178955 0.128906 0.108886
2 0.186768 0.430664 0.087402 0.043945
0 0.653821 0.307845 0.226683 0.097098
0 0.688779 0.104822 0.208283 0.050756
1 0.906999 0.117511 0.161916 0.201920
0 0.680684 0.425907 0.174428 0.061789
1 0.287353 0.611084 0.122559 0.120606
2 0.301026 0.716309 0.110840 0.132812
1 0.282471 0.800781 0.210449 0.155274
2 0.167724 0.860351 0.135254 0.114258
2 0.219726 0.803467 0.086914 0.021972
2 0.176758 0.705811 0.042969 0.081543
0 0.359131 0.644531 0.063965 0.027344
2 0.038330 0.683594 0.073731 0.052734
2 0.409912 0.861084 0.173340 0.124511
2 0.379151 0.624023 0.073731 0.127930
2 0.613710 0.711299 0.217115 0.067307
2 0.803593 0.717919 0.121437 0.054066
2 0.917671 0.670473 0.177372 0.078340
0 0.773049 0.870738 0.117758 0.070617
0 0.585006 0.849222 0.167068 0.089374
0 0.771209 0.598202 0.090526 0.174335
2 0.692091 0.865773 0.113341 0.228401