1 0.095164 0.219814 0.155049 0.377709
1 0.383908 0.188236 0.171761 0.158514
2 0.431723 0.364706 0.122553 0.115170
2 0.191257 0.396904 0.046422 0.154799
2 0.651205 0.282467 0.293495 0.408253
2 0.843649 0.301777 0.185013 0.281364
2 0.954732 0.136820 0.040123 0.183163
0 0.870770 0.044687 0.121856 0.073927
1 0.252442 0.750469 0.459253 0.425907
0 0.662110 0.895263 0.103515 0.049316
0 0.675293 0.799316 0.105469 0.099610
1 0.924561 0.820068 0.129394 0.094239
1 0.645996 0.625000 0.244141 0.244141
2 0.843750 0.908448 0.205078 0.157715
0 0.813476 0.939698 0.197266 0.073731
1 0.808594 0.807617 0.244141 0.209961
2 0.581787 0.754395 0.070801 0.103515
2 0.599854 0.799561 0.104981 0.071777
0 0.813476 0.802735 0.083985 0.041992