0 0.255615 0.362304 0.192871 0.215820
1 0.088135 0.452881 0.089356 0.042480
0 0.263427 0.369873 0.066894 0.108886
2 0.077881 0.023193 0.064941 0.043457
0 0.317627 0.329590 0.140136 0.054688
1 0.626221 0.251572 0.212699 0.476664
1 0.881239 0.250469 0.211963 0.459009
2 0.751706 0.246607 0.029440 0.500000
1 0.385254 0.903564 0.098633 0.067871
1 0.313233 0.807617 0.222168 0.137695
2 0.290039 0.722168 0.114258 0.200195
2 0.377686 0.863770 0.225098 0.180664
0 0.073486 0.860596 0.084473 0.083496
1 0.239990 0.869140 0.163574 0.113281
1 0.595164 0.719814 0.155049 0.377709
1 0.883908 0.688236 0.171761 0.158514
2 0.931723 0.864706 0.122553 0.115170
2 0.691257 0.896904 0.046422 0.154799