1 0.204723 0.419287 0.163339 0.143440
1 0.438744 0.423701 0.089360 0.127993
1 0.190440 0.140130 0.123053 0.121372
2 0.345722 0.259296 0.060062 0.478870
2 0.058597 0.279709 0.076176 0.159991
0 0.431786 0.280812 0.049075 0.131303
0 0.610595 0.318360 0.194824 0.123047
2 0.773682 0.334473 0.098144 0.129883
2 0.880127 0.083985 0.123535 0.067383
2 0.826172 0.314698 0.099610 0.124511
2 0.872070 0.394287 0.099610 0.067871
2 0.668457 0.151856 0.134766 0.173828
2 0.846680 0.410401 0.072265 0.029785
2 0.771972 0.139893 0.109375 0.085449
1 0.733886 0.375489 0.244141 0.244141
1 0.253543 0.856394 0.278774 0.269226
0 0.711356 0.711850 0.141455 0.037515
0 0.594303 0.611994 0.134010 0.058479
0 0.880936 0.610339 0.153036 0.055170
0 0.830062 0.880117 0.067832 0.144543
0 0.663790 0.906046 0.051288 0.121372
0 0.872250 0.694196 0.135664 0.061789
0 0.919402 0.901081 0.059560 0.182059
0 0.535570 0.861360 0.066178 0.241642
0 0.711356 0.801777 0.143110 0.091581
0 0.727900 0.545790 0.141455 0.056273