2 0.105957 0.303223 0.056641 0.053711
1 0.216308 0.205322 0.244141 0.180176
1 0.218994 0.160644 0.147949 0.132812
1 0.199951 0.273438 0.157715 0.073242
2 0.263672 0.278564 0.079102 0.082519
0 0.237549 0.160401 0.123535 0.123535
2 0.380371 0.260742 0.070312 0.055664
2 0.381103 0.435547 0.192871 0.039062
0 0.807373 0.261230 0.068848 0.142578
1 0.578614 0.091552 0.149414 0.150879
2 0.639160 0.293701 0.072265 0.133301
0 0.682373 0.171143 0.242676 0.121582
0 0.702149 0.437011 0.110352 0.041992
0 0.586914 0.126465 0.105469 0.022461
1 0.738525 0.445068 0.127442 0.106934
1 0.748291 0.218018 0.216308 0.237793
0 0.861816 0.407471 0.062500 0.093261
2 0.577148 0.404785 0.107422 0.117188
0 0.316162 0.972168 0.062989 0.052734
2 0.175293 0.605713 0.169922 0.095215
0 0.424073 0.560303 0.100098 0.050293
2 0.255615 0.605469 0.121582 0.105469
2 0.074219 0.845703 0.043945 0.058594
1 0.298340 0.676269 0.244141 0.207031
1 0.250976 0.724610 0.244141 0.214844
0 0.363526 0.830078 0.111816 0.078125
0 0.905029 0.660644 0.141114 0.061524
2 0.866211 0.858886 0.071289 0.090820
0 0.922851 0.513672 0.055664 0.026367