2 0.248779 0.236817 0.067871 0.084961
2 0.219726 0.411865 0.125000 0.131348
1 0.312500 0.238281 0.244141 0.244141
1 0.142578 0.034180 0.086914 0.060547
1 0.279785 0.068603 0.173828 0.133301
2 0.332520 0.249511 0.119140 0.064453
0 0.757812 0.419677 0.062500 0.037597
2 0.718750 0.423828 0.129883 0.084961
2 0.656494 0.223144 0.168457 0.061524
1 0.867188 0.375000 0.244141 0.188476
2 0.794677 0.166260 0.060059 0.040528
1 0.694336 0.151123 0.111328 0.088379
2 0.926270 0.319092 0.101562 0.016113
1 0.227380 0.608684 0.366564 0.166611
2 0.366564 0.944665 0.151587 0.083858
2 0.189828 0.895012 0.042031 0.200817
2 0.069248 0.834326 0.059945 0.198609
2 0.563233 0.571045 0.043457 0.090332
1 0.713379 0.746826 0.244141 0.212402
1 0.606934 0.812500 0.206055 0.165039
1 0.833008 0.787354 0.244141 0.210449