2 0.126589 0.220126 0.216379 0.060686
2 0.403687 0.168819 0.186203 0.079444
0 0.434230 0.427011 0.105982 0.141234
0 0.287770 0.373497 0.141309 0.095994
0 0.080590 0.354739 0.146460 0.060686
0 0.191723 0.070617 0.111133 0.068410
2 0.611572 0.060791 0.100098 0.074707
2 0.840088 0.382324 0.053222 0.099610
2 0.912842 0.153076 0.088379 0.059082
0 0.566162 0.229492 0.070801 0.034180
2 0.793457 0.347901 0.088867 0.060059
2 0.758057 0.111573 0.059082 0.094239
1 0.826172 0.136231 0.244141 0.163086
2 0.224107 0.561238 0.225946 0.093788
2 0.028703 0.884530 0.057406 0.215161
2 0.337080 0.852533 0.219323 0.091581
1 0.125117 0.775295 0.148669 0.221781
1 0.619007 0.620821 0.198459 0.206334
1 0.589341 0.915977 0.128214 0.154474
1 0.887028 0.616959 0.186183 0.134613
1 0.888392 0.911012 0.172543 0.146751
1 0.729148 0.789639 0.152765 0.111442