2 0.084101 0.162749 0.155208 0.045239
2 0.059556 0.247711 0.068580 0.120269
0 0.684082 0.424073 0.156250 0.091309
2 0.718261 0.076905 0.064453 0.081543
1 0.802002 0.061768 0.151856 0.112793
1 0.109294 0.671577 0.202396 0.257090
1 0.363943 0.675990 0.211227 0.221781
2 0.174796 0.928666 0.111133 0.051859
2 0.281514 0.850877 0.103774 0.079444
2 0.612606 0.648405 0.107453 0.199713
2 0.584638 0.822741 0.148669 0.095994
2 0.881607 0.669922 0.083166 0.123579
2 0.950053 0.768123 0.056670 0.189782
2 0.724475 0.917632 0.223739 0.082754