2 0.126221 0.027099 0.121582 0.051270
1 0.397217 0.325196 0.191894 0.152344
1 0.058838 0.208496 0.097168 0.066406
0 0.209473 0.356446 0.100586 0.056641
2 0.219726 0.056641 0.082031 0.032226
1 0.352051 0.116699 0.244141 0.204101
2 0.178711 0.353272 0.046875 0.061035
1 0.350586 0.207763 0.244141 0.237793
0 0.177734 0.361573 0.087890 0.047364
0 0.700924 0.292949 0.042687 0.301225
0 0.801753 0.185369 0.066239 0.152268
0 0.854743 0.384530 0.078014 0.182059
0 0.647196 0.457354 0.047103 0.056273
2 0.320801 0.717041 0.048828 0.064941
2 0.320312 0.812500 0.077148 0.107422
1 0.431885 0.684814 0.133301 0.159668
0 0.136474 0.667481 0.104004 0.046875
1 0.118652 0.637939 0.209961 0.236817
1 0.292237 0.822510 0.140136 0.124511
2 0.111084 0.659424 0.085449 0.040528
0 0.592366 0.869083 0.168540 0.054066