2 0.182892 0.054066 0.142044 0.070617
2 0.115918 0.206334 0.178844 0.094892
2 0.209387 0.392254 0.068446 0.175438
2 0.345544 0.366324 0.164124 0.103719
2 0.464405 0.191438 0.072126 0.263709
2 0.549805 0.090332 0.076172 0.109375
1 0.607910 0.373047 0.197266 0.175781
2 0.682129 0.058349 0.071289 0.079590
2 0.348145 0.781739 0.143555 0.118164
2 0.204346 0.771972 0.091309 0.083008
2 0.412353 0.802002 0.104004 0.097168
2 0.215332 0.692138 0.066406 0.076660
2 0.605981 0.714057 0.116285 0.108132
2 0.721163 0.722885 0.108189 0.050756
2 0.605245 0.563997 0.161916 0.035308
2 0.643884 0.857498 0.037535 0.125786
2 0.837448 0.885082 0.189147 0.079444
2 0.759434 0.612545 0.043423 0.130199
2 0.924662 0.724540 0.048575 0.140130