1 0.214539 0.176542 0.330456 0.275847
2 0.358791 0.398323 0.080222 0.083858
2 0.455941 0.400529 0.072862 0.152268
0 0.752930 0.162354 0.077148 0.035645
0 0.589356 0.180664 0.019531 0.083008
0 0.671875 0.245117 0.097656 0.051758
0 0.808594 0.257080 0.244141 0.120606
0 0.675781 0.282715 0.193359 0.096680
1 0.694092 0.066406 0.139160 0.128906
1 0.720459 0.170899 0.136231 0.161133
1 0.728028 0.325684 0.244141 0.244141
0 0.356913 0.894461 0.059424 0.219574
0 0.036315 0.929770 0.082901 0.049653
0 0.190745 0.725642 0.073363 0.137924
0 0.283917 0.664405 0.145260 0.222885
0 0.683106 0.809326 0.145508 0.027832
0 0.853515 0.749024 0.040039 0.116211
0 0.881836 0.880371 0.091797 0.051758
1 0.787110 0.900146 0.175781 0.172364
0 0.904297 0.755615 0.080078 0.055176
1 0.737061 0.659424 0.211426 0.158692
1 0.621582 0.724365 0.154297 0.115723