1 0.359864 0.302490 0.153320 0.218261
1 0.201172 0.188232 0.215820 0.125489
1 0.312011 0.313965 0.139649 0.178711
1 0.243652 0.170899 0.244141 0.244141
1 0.167969 0.296142 0.155274 0.077636
0 0.072998 0.393066 0.112793 0.039062
0 0.683106 0.309326 0.145508 0.027832
0 0.853515 0.249024 0.040039 0.116211
0 0.881836 0.380371 0.091797 0.051758
1 0.787110 0.400147 0.175781 0.172364
0 0.904297 0.255615 0.080078 0.055176
1 0.737061 0.159424 0.211426 0.158692
1 0.621582 0.224365 0.154297 0.115723
2 0.336670 0.777832 0.083496 0.142578
2 0.272217 0.804932 0.109864 0.043457
1 0.330323 0.763672 0.197754 0.202149
0 0.306640 0.852539 0.119140 0.060547
2 0.293213 0.686524 0.055176 0.082031
1 0.339355 0.793945 0.244141 0.244141
1 0.122070 0.878174 0.244141 0.196777
2 0.247314 0.821289 0.060059 0.097656
2 0.724107 0.561238 0.225946 0.093788
2 0.528703 0.884530 0.057406 0.215161
2 0.837080 0.852533 0.219323 0.091581
1 0.625117 0.775295 0.148669 0.221781