2 0.223633 0.378906 0.161133 0.046875
1 0.061035 0.437744 0.088867 0.092285
2 0.289062 0.226806 0.178711 0.101074
0 0.348633 0.197754 0.115235 0.047851
0 0.084961 0.312744 0.063477 0.066894
1 0.305176 0.242676 0.167969 0.108398
2 0.101074 0.258789 0.134766 0.135742
0 0.078614 0.232422 0.064453 0.066406
1 0.216797 0.371094 0.244141 0.244141
1 0.181641 0.146240 0.244141 0.214356
0 0.802246 0.350830 0.083008 0.121582
1 0.811035 0.295899 0.244141 0.244141
0 0.809814 0.259765 0.076660 0.029297
1 0.784668 0.081299 0.166016 0.132324
2 0.636963 0.395508 0.120606 0.072265
0 0.862793 0.445068 0.187500 0.037597
2 0.084101 0.662749 0.155208 0.045239
2 0.059556 0.747710 0.068580 0.120269
0 0.729981 0.899658 0.032226 0.104004
0 0.850342 0.947265 0.096191 0.028320
0 0.827636 0.575684 0.147461 0.087890
1 0.734864 0.720947 0.244141 0.148926
1 0.736816 0.652344 0.244141 0.244141
2 0.925293 0.693115 0.060547 0.076660