0 0.192871 0.394776 0.134766 0.041504
1 0.365235 0.178223 0.244141 0.225586
0 0.250733 0.207519 0.175293 0.058594
2 0.149902 0.163330 0.088867 0.119629
2 0.109375 0.283936 0.054688 0.079590
2 0.245849 0.255615 0.124511 0.113769
0 0.381103 0.216064 0.195801 0.128418
0 0.404052 0.436035 0.098144 0.049805
0 0.375976 0.240967 0.168945 0.124511
1 0.389892 0.362549 0.181152 0.144043
1 0.620464 0.279709 0.211122 0.378462
0 0.632262 0.029240 0.150270 0.045239
0 0.058349 0.923828 0.048340 0.039062
1 0.377929 0.648193 0.208984 0.138183
1 0.341552 0.686524 0.195801 0.152344
1 0.192383 0.666992 0.244141 0.244141
2 0.263427 0.749024 0.138183 0.069336
0 0.122559 0.602051 0.070312 0.021485
1 0.736816 0.795410 0.204101 0.170899
2 0.764404 0.801513 0.171386 0.109864
2 0.885742 0.871338 0.116211 0.096191