2 0.232178 0.250976 0.115723 0.093750
0 0.300293 0.237305 0.244141 0.154297
2 0.131836 0.232910 0.082031 0.049805
2 0.069092 0.456054 0.116699 0.081055
1 0.238281 0.235840 0.102539 0.101562
2 0.307129 0.176026 0.185547 0.076660
2 0.233643 0.214844 0.033691 0.080078
2 0.183349 0.376953 0.156739 0.116211
2 0.613710 0.211299 0.217115 0.067307
2 0.803593 0.217919 0.121437 0.054066
2 0.917671 0.170474 0.177372 0.078340
0 0.773049 0.370738 0.117758 0.070617
0 0.585006 0.349222 0.167068 0.089374
0 0.771209 0.098201 0.090526 0.174335
2 0.692091 0.365773 0.113341 0.228401
1 0.107822 0.650613 0.189147 0.197507
1 0.115549 0.886737 0.183996 0.188679
1 0.363943 0.658888 0.196508 0.172128
1 0.361368 0.912667 0.211963 0.145647
1 0.829590 0.625489 0.244141 0.244141
2 0.826660 0.898438 0.102539 0.071289
1 0.640869 0.591797 0.175293 0.128906
1 0.803711 0.659180 0.244141 0.244141
1 0.671875 0.803222 0.244141 0.244141
1 0.684814 0.685791 0.093261 0.061035
2 0.586182 0.752441 0.072754 0.101562
0 0.554443 0.615479 0.104981 0.124511