1 0.387495 0.294052 0.215643 0.371841
1 0.617188 0.243652 0.161133 0.172851
0 0.848145 0.333740 0.062500 0.040528
0 0.755127 0.175049 0.014160 0.067871
2 0.726074 0.210938 0.244141 0.244141
0 0.686767 0.437256 0.073731 0.034668
0 0.956055 0.411865 0.031250 0.068848
2 0.740235 0.395020 0.083008 0.085938
2 0.955566 0.422608 0.060547 0.062989
0 0.198815 0.760951 0.114447 0.186473
0 0.294187 0.683714 0.146727 0.301225
0 0.348110 0.934183 0.071163 0.115856
0 0.427710 0.904943 0.111513 0.041929
2 0.687744 0.862549 0.146973 0.131348
2 0.929932 0.753662 0.098144 0.062989
2 0.953614 0.949951 0.039062 0.069824
2 0.865722 0.828858 0.088867 0.069824
2 0.752441 0.874024 0.185547 0.069336