1 0.175900 0.251020 0.337080 0.462319
0 0.404790 0.363015 0.103038 0.075030
0 0.428710 0.211850 0.086110 0.048549
0 0.686524 0.371338 0.086914 0.069824
2 0.671386 0.306640 0.182617 0.111328
0 0.908448 0.086181 0.052246 0.040528
0 0.887939 0.167237 0.112793 0.079590
0 0.809814 0.211670 0.158692 0.165527
0 0.750733 0.081299 0.134277 0.040528
1 0.677979 0.243652 0.146973 0.087890
2 0.900146 0.260254 0.104004 0.121094
0 0.661133 0.207519 0.136719 0.078125
2 0.147705 0.774903 0.096191 0.038086
0 0.336914 0.840088 0.238281 0.137207
0 0.091797 0.544678 0.061524 0.039551
0 0.085938 0.711182 0.087890 0.049316
0 0.197998 0.582275 0.078614 0.024903
0 0.279052 0.549316 0.023926 0.039062
0 0.151856 0.896485 0.060547 0.074219
0 0.781146 0.858049 0.278201 0.062893
0 0.918775 0.743297 0.129533 0.058479
2 0.571391 0.741642 0.125117 0.116959