2 0.436767 0.090332 0.112793 0.032226
1 0.291992 0.164551 0.244141 0.244141
1 0.109864 0.188965 0.091797 0.073242
0 0.181885 0.229248 0.064941 0.133301
2 0.352539 0.279052 0.131836 0.167481
1 0.146240 0.207519 0.199707 0.244141
0 0.150146 0.145019 0.095215 0.057617
1 0.595315 0.248262 0.181938 0.412667
1 0.874432 0.258744 0.232235 0.444665
0 0.353272 0.642334 0.080566 0.055176
0 0.233154 0.863525 0.197754 0.079590
1 0.341552 0.776367 0.231933 0.244141
0 0.093750 0.666015 0.131836 0.050781
0 0.108155 0.634033 0.123535 0.080566
2 0.439698 0.921142 0.108886 0.059082
2 0.110107 0.939941 0.132324 0.072265
1 0.124268 0.840820 0.214356 0.166992
1 0.205078 0.543701 0.080078 0.061035
2 0.118408 0.606689 0.146973 0.156739
1 0.760538 0.780261 0.394487 0.408253