1 0.177734 0.166016 0.186524 0.153320
1 0.425293 0.425537 0.122070 0.091309
0 0.315674 0.439209 0.073731 0.051270
0 0.302490 0.055420 0.115723 0.068848
2 0.191651 0.468750 0.084473 0.032226
1 0.134277 0.291992 0.208008 0.238281
0 0.161865 0.358154 0.071777 0.099121
1 0.124511 0.344239 0.244141 0.244141
1 0.337647 0.182617 0.203614 0.211914
1 0.613341 0.132407 0.209019 0.209644
1 0.861735 0.187024 0.243611 0.212954
1 0.751706 0.354739 0.200187 0.162198
2 0.266058 0.809500 0.243611 0.080547
2 0.249130 0.682059 0.114077 0.103719
2 0.211227 0.919287 0.122173 0.112546
0 0.808009 0.757641 0.252442 0.060686
0 0.558879 0.640130 0.091262 0.158888
0 0.665964 0.802880 0.069918 0.294604