1 0.157500 0.280261 0.289977 0.412667
2 0.348120 0.032550 0.122173 0.056273
0 0.400006 0.406598 0.162652 0.100408
1 0.635678 0.258744 0.231614 0.420391
1 0.887472 0.175990 0.198704 0.301225
0 0.900512 0.427563 0.116738 0.036412
1 0.210938 0.699951 0.239258 0.136231
1 0.304443 0.965576 0.104004 0.059082
2 0.379883 0.671631 0.047851 0.089356
0 0.111573 0.604737 0.123535 0.079590
0 0.442138 0.898682 0.077636 0.055176
1 0.363281 0.645752 0.097656 0.066894
2 0.139160 0.781494 0.168945 0.069824
1 0.245849 0.961914 0.131348 0.067383
1 0.176026 0.666504 0.160644 0.138672
2 0.345215 0.803711 0.171875 0.108398
2 0.788574 0.640869 0.134766 0.039551
1 0.604004 0.556396 0.050781 0.050293
1 0.711426 0.700195 0.244141 0.097656
0 0.556640 0.751709 0.025390 0.043457
1 0.658691 0.861816 0.123047 0.093750
1 0.871094 0.623535 0.199219 0.166992
2 0.699707 0.888427 0.064453 0.078614
2 0.900635 0.550781 0.063965 0.073242