2 0.112605 0.148405 0.107453 0.199713
2 0.084638 0.322741 0.148669 0.095994
2 0.381607 0.169922 0.083166 0.123579
2 0.450053 0.268123 0.056670 0.189782
2 0.224475 0.417632 0.223739 0.082754
0 0.773193 0.332031 0.077636 0.094727
0 0.654785 0.434326 0.244141 0.058105
2 0.716309 0.209473 0.046875 0.062500
2 0.894531 0.048828 0.038086 0.081055
0 0.308009 0.757641 0.252442 0.060686
0 0.058879 0.640130 0.091262 0.158888
0 0.165964 0.802880 0.069918 0.294604
1 0.683838 0.806640 0.092285 0.098633
2 0.589600 0.541504 0.075684 0.075195
0 0.686035 0.658936 0.100586 0.049316