0 0.220868 0.202471 0.125738 0.060686
0 0.074037 0.114200 0.067005 0.049653
0 0.240722 0.411564 0.056251 0.145647
0 0.386726 0.119718 0.119947 0.047446
0 0.381350 0.188128 0.114156 0.036412
1 0.100921 0.367428 0.157172 0.236125
1 0.406166 0.381221 0.157172 0.212954
0 0.225831 0.053514 0.109193 0.043032
2 0.736572 0.131348 0.148926 0.039062
1 0.761719 0.242431 0.223633 0.102051
0 0.723877 0.291992 0.139160 0.092773
0 0.590332 0.401612 0.080078 0.054199
2 0.741943 0.381836 0.133301 0.065430
0 0.806396 0.246582 0.067871 0.051758
2 0.750976 0.030030 0.140625 0.045410
1 0.757324 0.212158 0.202149 0.152832
1 0.946045 0.358886 0.102051 0.081055
1 0.231834 0.742745 0.319416 0.335430
1 0.637207 0.703614 0.244141 0.244141
2 0.711670 0.903320 0.062989 0.087890
0 0.790039 0.587403 0.050781 0.041992