2 0.107422 0.416748 0.032226 0.069824
2 0.241944 0.378174 0.090332 0.070801
2 0.196533 0.332276 0.031739 0.052246
0 0.736572 0.240479 0.137207 0.099121
2 0.841064 0.236817 0.087402 0.059570
2 0.704101 0.177979 0.041016 0.054199
0 0.662842 0.052246 0.079590 0.029297
2 0.899414 0.149902 0.093750 0.104492
1 0.729981 0.276367 0.244141 0.244141
2 0.448974 0.666748 0.079590 0.062989
2 0.255615 0.528076 0.018066 0.053222
2 0.181885 0.641601 0.145019 0.092773
0 0.277099 0.852051 0.167481 0.061524
1 0.380127 0.743653 0.116699 0.086914
1 0.352783 0.701904 0.151856 0.133301
2 0.229981 0.926270 0.244141 0.095703
2 0.862793 0.757080 0.034180 0.103027
1 0.764892 0.825684 0.164551 0.097656
2 0.864258 0.920899 0.170899 0.084961
0 0.899170 0.727295 0.133301 0.089356
2 0.677002 0.621338 0.064941 0.150879
2 0.718994 0.810059 0.120606 0.059570
0 0.735108 0.567627 0.104981 0.048340
2 0.746094 0.781739 0.242188 0.229492
2 0.556640 0.887695 0.093750 0.106445