1 0.183643 0.263709 0.334198 0.454595
0 0.405339 0.116407 0.087685 0.045239
0 0.410303 0.187576 0.090995 0.037515
0 0.423538 0.459009 0.100921 0.048549
1 0.774170 0.298584 0.163574 0.158692
2 0.565918 0.221924 0.104492 0.111816
0 0.707519 0.148681 0.045899 0.051270
1 0.692871 0.168945 0.244141 0.244141
2 0.141601 0.730957 0.094727 0.059570
0 0.086426 0.555420 0.120117 0.075684
2 0.435791 0.883057 0.048340 0.074707
2 0.393554 0.865479 0.086914 0.108886
2 0.038330 0.883789 0.063965 0.101562
2 0.270263 0.822021 0.066894 0.061035
2 0.187989 0.639649 0.208984 0.132812
0 0.251953 0.549805 0.045899 0.086914
2 0.289551 0.899170 0.060547 0.070801
0 0.688721 0.531447 0.326622 0.056273
0 0.597305 0.751572 0.188412 0.037515
0 0.567866 0.652268 0.129533 0.050756
0 0.672297 0.915977 0.137590 0.048549
0 0.882401 0.907701 0.205765 0.065100