2 0.308745 0.322741 0.180316 0.051859
2 0.225946 0.230608 0.156028 0.196403
2 0.214171 0.391151 0.101566 0.179852
2 0.811524 0.127686 0.244141 0.118652
0 0.668213 0.230713 0.055176 0.037597
0 0.745850 0.196045 0.120606 0.057129
0 0.719726 0.340088 0.040039 0.058105
1 0.774903 0.132569 0.244141 0.187989
0 0.153820 0.807845 0.226683 0.097098
0 0.188779 0.604822 0.208283 0.050756
1 0.406998 0.617511 0.161916 0.201920
0 0.180684 0.925907 0.174428 0.061789
1 0.666504 0.623780 0.244141 0.139160
0 0.593261 0.557617 0.089844 0.045899
2 0.589112 0.769287 0.068848 0.088379
0 0.853515 0.565430 0.083008 0.022461
2 0.528320 0.585449 0.047851 0.110352
2 0.929688 0.690430 0.098633 0.115235
0 0.902832 0.745606 0.140625 0.092773
0 0.654053 0.570068 0.169433 0.114746
2 0.814209 0.888672 0.215332 0.117188