2 0.219482 0.437989 0.222168 0.104492
2 0.173828 0.252441 0.139649 0.125000
1 0.364013 0.153808 0.212402 0.186524
1 0.331787 0.243164 0.156739 0.126953
2 0.197510 0.448242 0.085449 0.060547
2 0.170899 0.408691 0.067383 0.087890
1 0.352295 0.435059 0.108886 0.068360
1 0.198242 0.269776 0.215820 0.175293
1 0.628906 0.352051 0.244141 0.244141
0 0.864013 0.037842 0.069824 0.050293
0 0.657959 0.130615 0.117676 0.140136
1 0.704590 0.263427 0.244141 0.234864
0 0.805908 0.319092 0.103027 0.052246
2 0.721436 0.063477 0.108886 0.082031
1 0.769531 0.241211 0.244141 0.244141
2 0.603760 0.433349 0.056153 0.078614
1 0.121805 0.754331 0.220059 0.468940
1 0.394855 0.605925 0.106718 0.174335
1 0.365048 0.793501 0.117758 0.121372
2 0.781739 0.894775 0.096680 0.104004
2 0.606934 0.840088 0.090820 0.105957
2 0.708985 0.565186 0.080078 0.115723
1 0.721924 0.689209 0.188965 0.090332
2 0.703369 0.831299 0.055176 0.062011