0 0.432862 0.426513 0.061035 0.046386
2 0.370605 0.197754 0.023438 0.077148
0 0.091797 0.070556 0.086914 0.091309
2 0.138916 0.143067 0.088379 0.126953
1 0.356934 0.267334 0.130859 0.182129
0 0.175049 0.422364 0.086426 0.118164
0 0.415772 0.299561 0.067871 0.049316
1 0.742028 0.241486 0.133818 0.183282
1 0.550801 0.297833 0.091689 0.206811
2 0.619775 0.076780 0.061127 0.156037
2 0.673467 0.429102 0.092516 0.142415
2 0.844869 0.376470 0.086734 0.084210
2 0.868823 0.233436 0.052040 0.162229
1 0.338623 0.846436 0.100098 0.136231
0 0.234131 0.758057 0.082519 0.055176
0 0.397705 0.756836 0.080566 0.127930
2 0.330566 0.682373 0.108398 0.075684
0 0.346924 0.844726 0.144043 0.048828
0 0.403564 0.529785 0.034668 0.042969
1 0.340821 0.659180 0.244141 0.244141
0 0.351318 0.718261 0.056153 0.043945
0 0.342774 0.700684 0.144531 0.078125
1 0.355224 0.935302 0.148926 0.110840
1 0.744493 0.752124 0.472617 0.460112