1 0.153085 0.238332 0.272313 0.414874
0 0.358791 0.252675 0.109661 0.055170
0 0.405894 0.034757 0.108189 0.049653
0 0.453734 0.313362 0.084638 0.037515
2 0.818360 0.101806 0.125000 0.096191
0 0.924073 0.207763 0.050293 0.113769
0 0.689453 0.376953 0.106445 0.039062
0 0.752198 0.098144 0.052246 0.061524
2 0.109619 0.572510 0.103027 0.114746
2 0.432129 0.877930 0.043945 0.046875
2 0.146484 0.702881 0.118164 0.140136
0 0.100586 0.819092 0.141601 0.062989
1 0.205567 0.861084 0.219726 0.135254
0 0.238281 0.574463 0.050781 0.070801
1 0.756347 0.834961 0.241211 0.244141
0 0.766114 0.838379 0.185547 0.042969
0 0.840332 0.822754 0.073242 0.028320
2 0.718261 0.853515 0.100586 0.090820
2 0.870117 0.848633 0.063477 0.127930
0 0.775635 0.741455 0.082519 0.043457
0 0.630860 0.788086 0.060547 0.033203
0 0.589112 0.750489 0.140136 0.041992
1 0.731934 0.899658 0.178711 0.165527