2 0.071023 0.194748 0.131741 0.082754
2 0.218955 0.306742 0.075806 0.264813
2 0.264954 0.079444 0.063295 0.101512
2 0.334136 0.332120 0.051519 0.194196
2 0.070287 0.419287 0.133213 0.121372
1 0.725219 0.306190 0.413697 0.347567
2 0.341128 0.720126 0.081694 0.201920
2 0.403687 0.932528 0.064031 0.127993
2 0.451526 0.601511 0.058142 0.191990
2 0.040847 0.616959 0.059615 0.183163
2 0.665283 0.960938 0.065918 0.066406
0 0.807862 0.889404 0.109864 0.078614
0 0.761475 0.944336 0.118652 0.037109
1 0.729981 0.856445 0.166992 0.099610
1 0.891601 0.648682 0.088867 0.078614
2 0.756836 0.740235 0.075195 0.066406