1 0.223144 0.294434 0.244141 0.244141
0 0.323974 0.100830 0.045410 0.038574
0 0.218018 0.207519 0.091309 0.039062
2 0.339844 0.188232 0.101562 0.054199
0 0.164551 0.383057 0.125000 0.084473
2 0.173340 0.050781 0.160156 0.027344
0 0.329834 0.250976 0.141114 0.083008
1 0.595164 0.219814 0.155049 0.377709
1 0.883908 0.188236 0.171761 0.158514
2 0.931723 0.364706 0.122553 0.115170
2 0.691257 0.396904 0.046422 0.154799
2 0.277344 0.763916 0.179688 0.076660
0 0.198731 0.847656 0.070312 0.114258
2 0.263672 0.690430 0.129883 0.163086
0 0.399414 0.922364 0.117188 0.083008
0 0.256348 0.682129 0.084961 0.162109
2 0.738281 0.686035 0.108398 0.047851
0 0.557617 0.953858 0.105469 0.084473
2 0.620606 0.919922 0.135742 0.152344
1 0.895508 0.782471 0.162109 0.170410
0 0.702881 0.629394 0.229981 0.070312