2 0.125489 0.449463 0.112305 0.091309
2 0.362304 0.280761 0.076172 0.175781
0 0.220215 0.214844 0.075195 0.169922
2 0.838135 0.199463 0.082519 0.037597
1 0.682129 0.224121 0.244141 0.244141
1 0.687256 0.297851 0.200683 0.244141
0 0.709961 0.336182 0.057617 0.131348
2 0.662354 0.236817 0.086426 0.100586
0 0.617188 0.407226 0.089844 0.041992
1 0.813233 0.123780 0.136231 0.136231
1 0.843750 0.280517 0.132812 0.083496
2 0.070801 0.609864 0.081055 0.066406
2 0.454101 0.861328 0.068360 0.052734
2 0.405274 0.664795 0.129883 0.141114
0 0.075195 0.851318 0.133789 0.039551
2 0.578369 0.917237 0.097168 0.072754
1 0.614013 0.584717 0.168457 0.108886
1 0.621826 0.760987 0.117676 0.076660
2 0.769531 0.926513 0.068360 0.091309
2 0.791504 0.939698 0.165039 0.061035
2 0.632324 0.777588 0.085938 0.101074
1 0.745117 0.846191 0.244141 0.244141