0 0.212891 0.343750 0.041992 0.027344
2 0.037353 0.121826 0.039551 0.051270
0 0.291504 0.022461 0.133789 0.029297
1 0.196289 0.363770 0.244141 0.148438
0 0.808009 0.257641 0.252442 0.060686
0 0.558879 0.140130 0.091262 0.158888
0 0.665964 0.302880 0.069918 0.294604
0 0.064398 0.590478 0.111133 0.072823
0 0.076542 0.766468 0.136893 0.047446
0 0.455941 0.646199 0.081694 0.051859
0 0.464037 0.871841 0.086110 0.037515
0 0.275626 0.924252 0.237723 0.131303
0 0.135789 0.628545 0.031648 0.215161
2 0.686035 0.935302 0.094727 0.124511
2 0.866211 0.960449 0.157226 0.043945
0 0.739258 0.691162 0.180664 0.064941
0 0.691162 0.771729 0.061035 0.045410
1 0.615722 0.671386 0.230469 0.174805
2 0.653809 0.714844 0.167969 0.097656
2 0.840576 0.805176 0.222168 0.139649
2 0.683350 0.888916 0.100098 0.091309
2 0.798340 0.898193 0.201172 0.100098