1 0.095164 0.219814 0.155049 0.377709
1 0.383908 0.188236 0.171761 0.158514
2 0.431723 0.364706 0.122553 0.115170
2 0.191257 0.396904 0.046422 0.154799
2 0.571022 0.194748 0.131741 0.082754
2 0.718955 0.306742 0.075806 0.264813
2 0.764954 0.079444 0.063295 0.101512
2 0.834136 0.332120 0.051519 0.194196
2 0.570287 0.419287 0.133213 0.121372
1 0.360351 0.842285 0.223633 0.244141
1 0.311035 0.643066 0.244141 0.244141
2 0.097412 0.698242 0.052246 0.070312
1 0.180176 0.791260 0.146484 0.130371
0 0.212158 0.614258 0.069824 0.023438
2 0.382080 0.591064 0.110840 0.064941
1 0.609864 0.852539 0.110352 0.121094
0 0.706299 0.717285 0.074707 0.045899
2 0.796142 0.814209 0.091309 0.128418
2 0.932862 0.745117 0.090332 0.049805
1 0.765136 0.645019 0.244141 0.244141
2 0.918701 0.731201 0.050293 0.071777
1 0.637451 0.749756 0.178223 0.201660
2 0.962158 0.742432 0.037597 0.069824