2 0.118861 0.216815 0.187675 0.065100
2 0.301017 0.219574 0.114813 0.035308
2 0.426502 0.166060 0.146460 0.045239
2 0.179212 0.399426 0.081694 0.165508
0 0.284457 0.368532 0.115549 0.055170
0 0.439750 0.423701 0.080222 0.125786
0 0.191723 0.060135 0.124381 0.069514
0 0.057038 0.339844 0.109661 0.028688
1 0.675900 0.251020 0.337080 0.462319
0 0.904791 0.363015 0.103038 0.075030
0 0.928710 0.211850 0.086110 0.048549
1 0.237550 0.778638 0.428990 0.421052
0 0.799177 0.748814 0.264218 0.065100
0 0.649404 0.759848 0.052991 0.223988
0 0.749498 0.926459 0.135421 0.087167