0 0.263427 0.182862 0.160644 0.051270
1 0.308349 0.294922 0.188965 0.099610
2 0.346191 0.411865 0.048828 0.063965
2 0.429199 0.429688 0.034180 0.067383
1 0.293701 0.311767 0.162598 0.104004
1 0.545166 0.216308 0.081543 0.090820
0 0.791504 0.204346 0.081055 0.048340
1 0.851074 0.228027 0.244141 0.244141
2 0.685059 0.259522 0.217774 0.062011
1 0.846680 0.254395 0.244141 0.244141
1 0.670654 0.230713 0.112793 0.068848
0 0.791015 0.205322 0.131836 0.060059
0 0.284457 0.865221 0.346648 0.081651
0 0.283722 0.691990 0.212699 0.030895
0 0.419510 0.741642 0.138365 0.028688
1 0.906006 0.767578 0.072754 0.072265
1 0.815918 0.671875 0.214844 0.165039
0 0.777344 0.803467 0.074219 0.041504
2 0.664307 0.862305 0.166504 0.143555
1 0.592530 0.696533 0.137207 0.104004
2 0.696778 0.944336 0.078125 0.062500
0 0.926025 0.766114 0.073731 0.047851
2 0.812256 0.828369 0.099121 0.125489
1 0.762207 0.968506 0.083008 0.047364
2 0.682617 0.692383 0.138672 0.078125