1 0.123645 0.157232 0.123645 0.122476
1 0.370200 0.155026 0.192828 0.133510
1 0.246922 0.357498 0.200924 0.136820
2 0.399639 0.406598 0.029440 0.162198
2 0.466613 0.383427 0.048575 0.173232
0 0.662110 0.395263 0.103515 0.049316
0 0.675293 0.299316 0.105469 0.099610
1 0.924561 0.320068 0.129394 0.094239
1 0.645996 0.125000 0.244141 0.244141
2 0.843750 0.408448 0.205078 0.157715
0 0.813476 0.439698 0.197266 0.073731
1 0.808594 0.307617 0.244141 0.209961
2 0.581787 0.254395 0.070801 0.103515
2 0.599854 0.299561 0.104981 0.071777
0 0.813476 0.302735 0.083985 0.041992
2 0.346088 0.765917 0.056399 0.434735
1 0.200694 0.919287 0.174326 0.152268
2 0.068851 0.662198 0.108405 0.103719
1 0.742139 0.738884 0.472501 0.457906