2 0.236586 0.267572 0.335852 0.210747
1 0.433464 0.436941 0.134010 0.116959
0 0.102576 0.083858 0.122429 0.070617
0 0.080241 0.439148 0.102576 0.035308
0 0.202670 0.047446 0.109193 0.066203
1 0.744493 0.252124 0.472617 0.460112
0 0.075927 0.627441 0.098144 0.244141
2 0.154297 0.668945 0.063477 0.083985
1 0.241211 0.651612 0.243164 0.218261
2 0.278564 0.838135 0.061035 0.094239
2 0.390869 0.585449 0.116699 0.077148
2 0.584368 0.580547 0.171671 0.086064
2 0.809594 0.594892 0.267043 0.165508
2 0.574464 0.838188 0.145993 0.111442
2 0.596840 0.710747 0.048420 0.156681
1 0.825367 0.934735 0.198815 0.125786