0 0.302735 0.415039 0.071289 0.033203
1 0.115235 0.211181 0.161133 0.079590
1 0.364746 0.228760 0.162109 0.212402
1 0.308349 0.117920 0.187011 0.145996
0 0.320068 0.108398 0.072754 0.031250
2 0.297608 0.153808 0.087402 0.068360
0 0.149170 0.155274 0.049316 0.015625
1 0.402588 0.281739 0.108886 0.102539
1 0.184082 0.118408 0.244141 0.199707
2 0.481689 0.293457 0.029785 0.078125
1 0.600097 0.307862 0.190430 0.191894
0 0.635010 0.477295 0.080566 0.044434
0 0.812256 0.364746 0.097168 0.045899
0 0.822510 0.222412 0.131348 0.092285
2 0.281983 0.553467 0.063965 0.066894
0 0.236572 0.637939 0.154785 0.113769
0 0.070069 0.704346 0.123535 0.040528
0 0.373535 0.929199 0.091797 0.076172
2 0.605981 0.714057 0.116285 0.108132
2 0.721163 0.722885 0.108189 0.050756
2 0.605245 0.563997 0.161916 0.035308
2 0.643884 0.857498 0.037535 0.125786
2 0.837448 0.885082 0.189147 0.079444
2 0.759434 0.612545 0.043423 0.130199
2 0.924662 0.724540 0.048575 0.140130