0 0.121338 0.428711 0.122559 0.031250
2 0.227051 0.309326 0.057617 0.109864
1 0.160401 0.440918 0.093261 0.070312
2 0.259277 0.329834 0.244141 0.191894
1 0.704723 0.419287 0.163339 0.143440
1 0.938744 0.423701 0.089360 0.127993
1 0.690440 0.140130 0.123053 0.121372
2 0.845722 0.259296 0.060062 0.478870
2 0.558597 0.279709 0.076176 0.159991
0 0.931786 0.280812 0.049075 0.131303
2 0.084101 0.662749 0.155208 0.045239
2 0.059556 0.747710 0.068580 0.120269
1 0.799805 0.605225 0.141601 0.170410
2 0.780761 0.840576 0.106445 0.132324
2 0.641846 0.700684 0.056153 0.056641
2 0.712646 0.936279 0.083496 0.094239
0 0.650879 0.674316 0.206055 0.092773