1 0.222656 0.318360 0.244141 0.244141
2 0.297364 0.175293 0.090820 0.193359
2 0.110107 0.125732 0.054199 0.052246
0 0.799177 0.248814 0.264218 0.065100
0 0.649404 0.259848 0.052991 0.223988
0 0.749498 0.426459 0.135421 0.087167
2 0.170654 0.743408 0.147949 0.076660
1 0.322265 0.827636 0.244141 0.210938
2 0.296386 0.913330 0.244141 0.113769
1 0.275390 0.562011 0.089844 0.098633
2 0.260742 0.922364 0.083985 0.095703
1 0.314453 0.706787 0.100586 0.101074
1 0.333985 0.826172 0.244141 0.208008
1 0.325684 0.644531 0.244141 0.244141
1 0.600097 0.807862 0.190430 0.191894
0 0.635010 0.977295 0.080566 0.044434
0 0.812256 0.864746 0.097168 0.045899
0 0.822510 0.722412 0.131348 0.092285