0 0.288874 0.262055 0.214171 0.054066
0 0.144988 0.270881 0.070654 0.217367
2 0.551887 0.258744 0.106718 0.118063
2 0.841496 0.380117 0.158972 0.080547
2 0.761642 0.146751 0.069918 0.194196
2 0.625853 0.410460 0.216379 0.143440
2 0.644988 0.147854 0.048575 0.214057
1 0.245083 0.822189 0.338552 0.337637
2 0.748779 0.736816 0.067871 0.084961
2 0.719726 0.911865 0.125000 0.131348
1 0.812500 0.738281 0.244141 0.244141
1 0.642578 0.534180 0.086914 0.060547
1 0.779785 0.568604 0.173828 0.133301
2 0.832520 0.749511 0.119140 0.064453