0 0.133056 0.302002 0.132324 0.090332
1 0.175049 0.426270 0.217285 0.104492
1 0.262696 0.232666 0.244141 0.219239
1 0.355957 0.373047 0.244141 0.173828
1 0.099610 0.079345 0.102539 0.079590
2 0.353515 0.341797 0.065430 0.137695
0 0.113037 0.191162 0.093261 0.058105
0 0.281250 0.248291 0.107422 0.040528
2 0.588135 0.103027 0.085449 0.121094
0 0.719239 0.227295 0.028320 0.101074
2 0.659668 0.114990 0.095703 0.122559
0 0.899658 0.399658 0.186035 0.124511
1 0.712403 0.193359 0.244141 0.244141
0 0.677002 0.375976 0.042480 0.031250
1 0.906739 0.268311 0.152344 0.112793
0 0.817383 0.363770 0.108398 0.060547
2 0.250489 0.588623 0.060547 0.131348
2 0.387451 0.707519 0.105957 0.077148
1 0.362793 0.638428 0.167969 0.223144
1 0.218750 0.615479 0.160156 0.181152
0 0.289062 0.675049 0.131836 0.034668
2 0.370362 0.857666 0.122559 0.078614
1 0.287598 0.858399 0.244141 0.244141
0 0.324707 0.750733 0.127930 0.128418
1 0.268311 0.670410 0.144043 0.125976
0 0.929814 0.750469 0.119229 0.083858
0 0.576910 0.872393 0.091998 0.135716
1 0.827512 0.884530 0.086846 0.129097
0 0.718219 0.886186 0.033119 0.097098
0 0.617022 0.639579 0.176636 0.040826