1 0.369140 0.254638 0.208984 0.165527
0 0.424316 0.070069 0.083985 0.045410
0 0.051758 0.048340 0.075195 0.051758
0 0.293213 0.251465 0.144043 0.029297
1 0.240723 0.150146 0.216797 0.130371
0 0.375244 0.279541 0.070801 0.047364
1 0.202149 0.129394 0.244141 0.125000
2 0.177979 0.406006 0.048340 0.113769
2 0.356201 0.084473 0.116699 0.069336
1 0.753543 0.356394 0.278774 0.269226
2 0.207179 0.720126 0.114077 0.076134
2 0.284457 0.823844 0.094942 0.166611
2 0.082798 0.831016 0.143516 0.077237
1 0.071390 0.631855 0.135421 0.201920
1 0.615181 0.849222 0.223025 0.257090
1 0.852511 0.587167 0.250169 0.103719
1 0.861316 0.868532 0.210554 0.207437
0 0.891761 0.667163 0.149662 0.031998