0 0.378662 0.145508 0.178223 0.179688
2 0.280029 0.473145 0.102051 0.047851
0 0.053222 0.403809 0.071289 0.046875
0 0.959961 0.280274 0.039062 0.034180
0 0.608155 0.467774 0.062989 0.043945
0 0.620117 0.036865 0.104492 0.025879
1 0.104736 0.573487 0.122559 0.098144
1 0.259033 0.905517 0.062989 0.062011
2 0.238526 0.764649 0.185058 0.058594
1 0.165527 0.863770 0.244141 0.244141
2 0.409424 0.863281 0.090332 0.094727
2 0.114746 0.675293 0.112305 0.143555
2 0.834961 0.708985 0.157226 0.244141
1 0.655761 0.692383 0.244141 0.244141
1 0.654053 0.608398 0.142090 0.141601