0 0.092366 0.369083 0.168540 0.054066
2 0.577636 0.282471 0.110352 0.089356
1 0.891601 0.306152 0.201172 0.214844
2 0.802002 0.384522 0.121582 0.062989
2 0.658691 0.233154 0.111328 0.126465
1 0.208496 0.762695 0.198242 0.133789
0 0.234131 0.597900 0.088379 0.031739
2 0.161377 0.607910 0.041504 0.053711
2 0.068360 0.820068 0.051758 0.070801
0 0.226074 0.805664 0.054688 0.111328
2 0.286133 0.938721 0.070312 0.103027
2 0.370117 0.563965 0.115235 0.035156
1 0.791817 0.751572 0.258330 0.439148
0 0.631373 0.765917 0.108189 0.055170