2 0.091704 0.086064 0.165801 0.099305
2 0.236964 0.141786 0.112980 0.261503
2 0.116281 0.337085 0.226693 0.120269
2 0.375621 0.370738 0.205418 0.152268
2 0.355813 0.140682 0.086569 0.210747
0 0.459622 0.034757 0.066761 0.047446
0 0.330869 0.468388 0.133521 0.036412
0 0.686524 0.371338 0.086914 0.069824
2 0.671386 0.306640 0.182617 0.111328
0 0.908448 0.086181 0.052246 0.040528
0 0.887939 0.167237 0.112793 0.079590
0 0.809814 0.211670 0.158692 0.165527
0 0.750733 0.081299 0.134277 0.040528
1 0.677979 0.243652 0.146973 0.087890
2 0.900146 0.260254 0.104004 0.121094
0 0.661133 0.207519 0.136719 0.078125
1 0.166504 0.623780 0.244141 0.139160
0 0.093261 0.557617 0.089844 0.045899
2 0.089111 0.769287 0.068848 0.088379
0 0.353515 0.565430 0.083008 0.022461
2 0.028320 0.585449 0.047851 0.110352
2 0.429688 0.690430 0.098633 0.115235
0 0.402832 0.745606 0.140625 0.092773
0 0.154053 0.570068 0.169433 0.114746
2 0.314209 0.888672 0.215332 0.117188
0 0.692627 0.570068 0.148926 0.095215
2 0.747803 0.730957 0.022949 0.098633
2 0.643799 0.715088 0.068848 0.096191
0 0.848633 0.800537 0.084961 0.037597
1 0.723144 0.623535 0.244141 0.244141
1 0.775146 0.613281 0.180176 0.201172