0 0.263114 0.248814 0.049311 0.491007
1 0.114813 0.241642 0.200187 0.412667
1 0.397431 0.259296 0.173692 0.434735
2 0.584368 0.080547 0.171671 0.086064
2 0.809594 0.094892 0.267043 0.165508
2 0.574464 0.338188 0.145993 0.111442
2 0.596840 0.210747 0.048420 0.156681
1 0.825367 0.434735 0.198815 0.125786
1 0.122315 0.587158 0.058105 0.056153
0 0.144287 0.914795 0.154785 0.065918
2 0.306152 0.948975 0.109375 0.083496
0 0.828369 0.801270 0.052246 0.040039
2 0.709229 0.608398 0.117676 0.071289
1 0.746094 0.667969 0.244141 0.211914
0 0.825927 0.643799 0.081543 0.062989
2 0.670654 0.925537 0.158692 0.060059