1 0.259522 0.341309 0.116699 0.101562
2 0.364502 0.087890 0.161621 0.067383
0 0.380127 0.362061 0.134277 0.087402
2 0.364013 0.296631 0.056153 0.097168
1 0.137939 0.350830 0.237793 0.213379
0 0.382324 0.337890 0.079102 0.039062
1 0.361084 0.226806 0.221192 0.132324
0 0.875976 0.366211 0.141601 0.087890
1 0.675293 0.340821 0.244141 0.224609
2 0.937500 0.152588 0.117188 0.090332
2 0.063965 0.722168 0.084961 0.051758
2 0.310547 0.692871 0.244141 0.244141
2 0.129151 0.580811 0.077636 0.037597
0 0.203125 0.696289 0.017578 0.089844
2 0.305664 0.668945 0.077148 0.113281
1 0.380860 0.586182 0.166016 0.116699
0 0.762939 0.912354 0.066894 0.013184
1 0.787110 0.785156 0.244141 0.244141
2 0.547852 0.754395 0.074219 0.075195
2 0.750489 0.675293 0.244141 0.244141
0 0.741943 0.745362 0.121582 0.078614