2 0.341552 0.079345 0.135254 0.094239
1 0.357910 0.196289 0.244141 0.244141
0 0.214844 0.325196 0.126953 0.071289
2 0.378906 0.270020 0.128906 0.158203
2 0.230224 0.245849 0.148926 0.156739
0 0.068360 0.358642 0.099610 0.066894
1 0.372559 0.140381 0.239258 0.240723
1 0.323730 0.425293 0.137695 0.107422
0 0.204834 0.180664 0.149902 0.089844
2 0.393311 0.319336 0.076660 0.090820
1 0.727380 0.108684 0.366564 0.166611
2 0.866564 0.444665 0.151587 0.083858
2 0.689828 0.395012 0.042031 0.200817
2 0.569248 0.334327 0.059945 0.198609
1 0.121840 0.765016 0.195770 0.448297
1 0.595164 0.719814 0.155049 0.377709
1 0.883908 0.688236 0.171761 0.158514
2 0.931723 0.864706 0.122553 0.115170
2 0.691257 0.896904 0.046422 0.154799