1 0.128753 0.249917 0.225226 0.418184
1 0.392495 0.172128 0.201016 0.220677
1 0.392128 0.406046 0.181208 0.156681
2 0.582275 0.432862 0.087402 0.124511
0 0.903564 0.425781 0.145996 0.093750
0 0.854980 0.222656 0.049805 0.031250
2 0.640625 0.407715 0.094727 0.062500
0 0.604248 0.112793 0.122559 0.140625
1 0.677979 0.116944 0.240723 0.157715
0 0.827392 0.168945 0.058105 0.046875
2 0.070312 0.945312 0.090820 0.060547
0 0.345459 0.765381 0.087402 0.040528
2 0.158692 0.596436 0.027344 0.052246
1 0.170410 0.858399 0.244141 0.218750
0 0.273438 0.879395 0.054688 0.083008
1 0.419677 0.899903 0.132324 0.161133
0 0.559082 0.548340 0.059570 0.016602
0 0.893799 0.594239 0.069824 0.016602
2 0.808838 0.762451 0.154785 0.106934
2 0.745850 0.935547 0.057129 0.088867