1 0.242028 0.241486 0.133818 0.183282
1 0.050801 0.297833 0.091689 0.206811
2 0.119775 0.076780 0.061127 0.156037
2 0.173467 0.429102 0.092516 0.142415
2 0.344869 0.376470 0.086734 0.084210
2 0.368824 0.233436 0.052040 0.162229
2 0.862324 0.181507 0.243203 0.038619
2 0.645177 0.233367 0.174544 0.040826
2 0.858601 0.300673 0.028953 0.188679
0 0.857360 0.124683 0.107539 0.024275
0 0.607539 0.065100 0.185298 0.037515
1 0.610020 0.423149 0.162135 0.118063
1 0.089503 0.682611 0.145260 0.257090
1 0.325734 0.896116 0.239165 0.178749
1 0.344075 0.639027 0.294922 0.209644
0 0.802735 0.915039 0.071289 0.033203
1 0.615235 0.711182 0.161133 0.079590
1 0.864746 0.728760 0.162109 0.212402
1 0.808350 0.617920 0.187011 0.145996
0 0.820068 0.608398 0.072754 0.031250
2 0.797608 0.653809 0.087402 0.068360
0 0.649170 0.655274 0.049316 0.015625
1 0.902588 0.781739 0.108886 0.102539
1 0.684082 0.618408 0.244141 0.199707
2 0.981689 0.793457 0.029785 0.078125