0 0.192138 0.350830 0.087402 0.029785
1 0.374511 0.114014 0.244141 0.217285
1 0.255371 0.142090 0.244141 0.244141
2 0.140136 0.126953 0.084961 0.244141
1 0.255615 0.252929 0.220215 0.244141
2 0.359864 0.435791 0.056641 0.086426
1 0.628035 0.264396 0.188335 0.429721
0 0.335449 0.719726 0.080078 0.081055
1 0.176026 0.869385 0.098144 0.062989
1 0.338135 0.885254 0.112793 0.113281
2 0.092773 0.790283 0.061524 0.049316
1 0.206543 0.562989 0.139649 0.116211
2 0.432129 0.944336 0.042969 0.082031
0 0.582275 0.710938 0.088379 0.095703
0 0.849854 0.891358 0.062989 0.033691
0 0.599854 0.921875 0.083496 0.050781
1 0.729492 0.840332 0.244141 0.244141
2 0.747314 0.657715 0.088379 0.108398
2 0.908203 0.700928 0.107422 0.077636
0 0.824951 0.530030 0.092285 0.048340