1 0.281145 0.278054 0.270842 0.439148
1 0.683995 0.285226 0.303225 0.371841
2 0.839656 0.031998 0.121437 0.052963
0 0.923558 0.164957 0.106718 0.082754
0 0.920246 0.395012 0.117758 0.050756
0 0.076172 0.791748 0.086914 0.061035
0 0.186035 0.595947 0.092773 0.028809
0 0.307862 0.780761 0.155761 0.099610
2 0.222168 0.568847 0.065430 0.086914
2 0.251709 0.820312 0.088379 0.067383
2 0.176513 0.907226 0.141114 0.099610
2 0.401612 0.689209 0.076660 0.062989
2 0.915528 0.565674 0.155274 0.106934
2 0.873535 0.705566 0.065430 0.087890
2 0.940186 0.615722 0.065918 0.079102
1 0.688721 0.842285 0.226074 0.201172
0 0.688476 0.809814 0.150391 0.046386
2 0.599854 0.627686 0.078614 0.058105
0 0.911865 0.848633 0.098144 0.066406