2 0.332763 0.314698 0.123535 0.079590
0 0.159424 0.117188 0.070801 0.040039
1 0.307373 0.413330 0.110840 0.085449
0 0.165771 0.318603 0.190918 0.068848
1 0.218018 0.097412 0.150879 0.131348
0 0.075440 0.111084 0.104004 0.059082
2 0.812500 0.297851 0.054688 0.067383
1 0.709229 0.253418 0.237793 0.244141
0 0.758057 0.179931 0.098144 0.036621
2 0.168945 0.588135 0.114258 0.089356
0 0.073974 0.665528 0.029785 0.046875
2 0.428711 0.832275 0.065430 0.052246
2 0.897217 0.557617 0.087402 0.088867
0 0.816406 0.568360 0.226562 0.128906
2 0.704346 0.949707 0.146973 0.098633
2 0.835449 0.740479 0.125000 0.065918
2 0.866943 0.876953 0.038574 0.046875