1 0.244493 0.252124 0.472617 0.460112
1 0.867188 0.350098 0.244141 0.244141
1 0.795166 0.174805 0.171386 0.144531
0 0.840576 0.420654 0.094239 0.030762
0 0.729492 0.328614 0.052734 0.019531
1 0.242028 0.741486 0.133818 0.183282
1 0.050801 0.797833 0.091689 0.206811
2 0.119775 0.576780 0.061127 0.156037
2 0.173467 0.929102 0.092516 0.142415
2 0.344869 0.876470 0.086734 0.084210
2 0.368824 0.733437 0.052040 0.162229
1 0.676513 0.919922 0.137207 0.125976
2 0.651123 0.738037 0.199707 0.086426
0 0.539307 0.731934 0.062989 0.042969
1 0.705566 0.705566 0.244141 0.244141