0 0.253546 0.108132 0.024288 0.167715
0 0.078382 0.350877 0.052255 0.198609
0 0.277097 0.367980 0.149404 0.073927
2 0.237723 0.209644 0.459253 0.086064
0 0.125117 0.049100 0.164860 0.062893
2 0.481333 0.095994 0.038271 0.178749
0 0.398166 0.354187 0.075070 0.114752
2 0.571022 0.194748 0.131741 0.082754
2 0.718955 0.306742 0.075806 0.264813
2 0.764954 0.079444 0.063295 0.101512
2 0.834136 0.332120 0.051519 0.194196
2 0.570287 0.419287 0.133213 0.121372
0 0.353272 0.642334 0.080566 0.055176
0 0.233154 0.863525 0.197754 0.079590
1 0.341552 0.776367 0.231933 0.244141
0 0.093750 0.666015 0.131836 0.050781
0 0.108155 0.634033 0.123535 0.080566
2 0.439698 0.921142 0.108886 0.059082
2 0.110107 0.939941 0.132324 0.072265
1 0.124268 0.840820 0.214356 0.166992
1 0.205078 0.543701 0.080078 0.061035
2 0.118408 0.606689 0.146973 0.156739
1 0.727380 0.608684 0.366564 0.166611
2 0.866564 0.944665 0.151587 0.083858
2 0.689828 0.895012 0.042031 0.200817
2 0.569248 0.834326 0.059945 0.198609