1 0.137629 0.246607 0.228155 0.442458
1 0.671484 0.130751 0.244346 0.228401
1 0.882711 0.410460 0.173692 0.161095
2 0.858056 0.278054 0.142044 0.055170
1 0.175900 0.751020 0.337080 0.462319
0 0.404790 0.863015 0.103038 0.075030
0 0.428710 0.711850 0.086110 0.048549
2 0.592530 0.896972 0.177246 0.126953
1 0.720215 0.787597 0.230469 0.232422
0 0.547852 0.522949 0.051758 0.042969
0 0.883301 0.600830 0.076172 0.053222
1 0.772949 0.698975 0.188476 0.187989
2 0.644531 0.943360 0.126953 0.086914
1 0.731934 0.670410 0.197266 0.181641
1 0.705811 0.584961 0.188965 0.146484