0 0.123645 0.299569 0.231099 0.091581
1 0.390439 0.131855 0.209755 0.250469
2 0.048207 0.077789 0.077278 0.076134
2 0.426870 0.351980 0.025024 0.130199
0 0.194667 0.094892 0.144988 0.070617
0 0.180316 0.424804 0.194300 0.063996
0 0.037535 0.180404 0.050047 0.109235
0 0.736571 0.226746 0.111887 0.038619
0 0.613715 0.260400 0.149914 0.059583
2 0.138183 0.615235 0.122070 0.153320
0 0.119629 0.825195 0.108398 0.053711
0 0.202881 0.770508 0.168457 0.097656
0 0.377929 0.806885 0.078125 0.043457
0 0.612340 0.755108 0.211683 0.475542