2 0.033454 0.395047 0.063604 0.188236
2 0.333717 0.343034 0.232941 0.086688
2 0.317196 0.428483 0.051214 0.136223
2 0.222616 0.065016 0.248636 0.082972
1 0.607822 0.150613 0.189147 0.197507
1 0.615549 0.386738 0.183996 0.188679
1 0.863943 0.158888 0.196508 0.172128
1 0.861368 0.412667 0.211963 0.145647
1 0.128753 0.749917 0.225226 0.418184
1 0.392495 0.672129 0.201016 0.220677
1 0.392128 0.906046 0.181208 0.156681
0 0.579834 0.816650 0.028809 0.094239
0 0.604737 0.915039 0.052246 0.025390
1 0.758545 0.539551 0.090332 0.071289