1 0.238749 0.124683 0.463718 0.185369
2 0.198440 0.394461 0.023427 0.184265
2 0.381723 0.343154 0.053745 0.119166
2 0.468541 0.401081 0.070281 0.153371
2 0.330045 0.453492 0.111623 0.079444
2 0.864680 0.230608 0.044895 0.218471
2 0.614445 0.090478 0.075806 0.183163
1 0.743243 0.271433 0.130269 0.167715
1 0.566607 0.301225 0.106718 0.161095
2 0.702028 0.425907 0.122909 0.097098
2 0.848856 0.403840 0.092734 0.057376
2 0.932390 0.248814 0.084638 0.065100
0 0.188721 0.531447 0.326622 0.056273
0 0.097305 0.751572 0.188412 0.037515
0 0.067865 0.652268 0.129533 0.050756
0 0.172297 0.915977 0.137590 0.048549
0 0.382401 0.907701 0.205765 0.065100
2 0.616699 0.689453 0.179688 0.083985
0 0.933594 0.881592 0.078125 0.024903
2 0.593994 0.559082 0.166504 0.086914
2 0.640136 0.596680 0.159180 0.065430
2 0.719483 0.805664 0.154785 0.095703
2 0.679199 0.708985 0.129883 0.154297