1 0.113341 0.132407 0.209019 0.209644
1 0.361735 0.187024 0.243611 0.212954
1 0.251706 0.354739 0.200187 0.162198
2 0.632080 0.349121 0.052246 0.061524
1 0.770752 0.355713 0.205567 0.209473
2 0.693115 0.379151 0.061035 0.063965
1 0.652100 0.207031 0.186035 0.151367
2 0.665771 0.102539 0.020996 0.062500
0 0.923096 0.074951 0.056153 0.130371
0 0.892823 0.316162 0.127442 0.190918
1 0.763184 0.133301 0.244141 0.244141
0 0.934082 0.071533 0.127930 0.080566
1 0.596924 0.063965 0.165527 0.124023
0 0.129883 0.651612 0.127930 0.062989
1 0.281494 0.655274 0.152832 0.152344
0 0.356934 0.733886 0.187500 0.118164
0 0.255860 0.730469 0.078125 0.050781
2 0.144043 0.953614 0.110352 0.075195
0 0.612340 0.755108 0.211683 0.475542