1 0.118125 0.251020 0.212699 0.398323
1 0.370200 0.277502 0.209019 0.347567
2 0.697612 0.081099 0.106718 0.155578
2 0.846648 0.288536 0.148669 0.065100
2 0.551519 0.118063 0.094206 0.165508
2 0.620701 0.285778 0.139837 0.147854
2 0.859160 0.409357 0.113341 0.132407
0 0.073242 0.694336 0.086914 0.065430
0 0.085694 0.824463 0.104981 0.077636
1 0.366455 0.670410 0.123535 0.107422
2 0.384522 0.719726 0.056153 0.071289
0 0.375976 0.574463 0.048828 0.029785
2 0.421142 0.886719 0.064941 0.072265
2 0.310302 0.918701 0.105957 0.112793
2 0.175293 0.592285 0.015625 0.173828
1 0.701965 0.793498 0.360976 0.416099