2 0.109619 0.072510 0.103027 0.114746
2 0.432129 0.377929 0.043945 0.046875
2 0.146484 0.202881 0.118164 0.140136
0 0.100586 0.319092 0.141601 0.062989
1 0.205567 0.361084 0.219726 0.135254
0 0.238281 0.074463 0.050781 0.070801
0 0.848145 0.155274 0.244141 0.115235
2 0.627441 0.346924 0.041016 0.041504
0 0.763672 0.365235 0.084961 0.044922
2 0.840576 0.059326 0.075684 0.051270
0 0.229981 0.899658 0.032226 0.104004
0 0.350342 0.947265 0.096191 0.028320
0 0.327636 0.575684 0.147461 0.087890
1 0.234864 0.720947 0.244141 0.148926
1 0.236817 0.652344 0.244141 0.244141
2 0.425293 0.693115 0.060547 0.076660
2 0.588793 0.667163 0.177587 0.036412
2 0.571107 0.754331 0.051255 0.109235
2 0.837126 0.860256 0.054864 0.217367