1 0.245083 0.322189 0.338552 0.337637
1 0.590480 0.252632 0.153120 0.435914
2 0.698360 0.375852 0.025520 0.169659
2 0.873134 0.347369 0.025520 0.130031
2 0.962068 0.396285 0.036346 0.160991
1 0.839108 0.126935 0.288454 0.191950
0 0.255615 0.862305 0.192871 0.215820
1 0.088135 0.952881 0.089356 0.042480
0 0.263427 0.869873 0.066894 0.108886
2 0.077881 0.523193 0.064941 0.043457
0 0.317627 0.829590 0.140136 0.054688
2 0.565430 0.842774 0.074219 0.113281
0 0.923828 0.839355 0.086914 0.044922
1 0.812744 0.584472 0.189942 0.108398
0 0.846436 0.889404 0.058105 0.110840
1 0.914307 0.900635 0.106934 0.076660
1 0.762207 0.880860 0.244141 0.228516
0 0.544678 0.717041 0.069824 0.093261
1 0.842529 0.782715 0.208496 0.152344