0 0.161548 0.243848 0.128797 0.077237
0 0.290713 0.023171 0.111869 0.026482
0 0.266058 0.165508 0.099358 0.046343
0 0.144988 0.342602 0.122173 0.073927
0 0.391175 0.163853 0.121437 0.093788
0 0.380871 0.358601 0.183259 0.169922
2 0.549805 0.090332 0.076172 0.109375
1 0.607910 0.373047 0.197266 0.175781
2 0.682129 0.058349 0.071289 0.079590
1 0.122315 0.587158 0.058105 0.056153
0 0.144287 0.914795 0.154785 0.065918
2 0.306152 0.948975 0.109375 0.083496
2 0.584101 0.662749 0.155208 0.045239
2 0.559557 0.747710 0.068580 0.120269