0 0.161548 0.243848 0.128797 0.077237
0 0.290713 0.023171 0.111869 0.026482
0 0.266058 0.165508 0.099358 0.046343
0 0.144988 0.342602 0.122173 0.073927
0 0.391175 0.163853 0.121437 0.093788
0 0.380871 0.358601 0.183259 0.169922
2 0.682891 0.054066 0.142044 0.070617
2 0.615918 0.206334 0.178844 0.094892
2 0.709387 0.392254 0.068446 0.175438
2 0.845544 0.366324 0.164124 0.103719
2 0.964405 0.191438 0.072126 0.263709
2 0.099725 0.608132 0.030176 0.183163
0 0.324937 0.860807 0.227418 0.037515
0 0.301017 0.700265 0.089790 0.051859
0 0.448582 0.767572 0.028703 0.166611
1 0.089054 0.913218 0.139837 0.140130
0 0.903320 0.832520 0.081055 0.178711
0 0.530761 0.606445 0.047851 0.022461
2 0.945312 0.830323 0.101562 0.122559
2 0.772461 0.771972 0.060547 0.073242
2 0.795166 0.797364 0.158692 0.179688
2 0.864746 0.865722 0.051758 0.244141
0 0.761475 0.854248 0.028809 0.086426
0 0.872314 0.701904 0.060059 0.064941
0 0.680420 0.885498 0.199707 0.149902