0 0.156739 0.403564 0.075195 0.033691
2 0.185058 0.159180 0.208984 0.142578
2 0.274902 0.327636 0.064453 0.080078
0 0.455078 0.467041 0.086914 0.057129
1 0.243652 0.347412 0.244141 0.211426
1 0.336914 0.356446 0.244141 0.217774
2 0.164795 0.079590 0.072754 0.098633
1 0.905029 0.325439 0.165527 0.123535
2 0.863281 0.062989 0.136719 0.090820
1 0.695312 0.190186 0.239258 0.146973
0 0.763672 0.055176 0.043945 0.025390
0 0.275994 0.731711 0.103038 0.037515
0 0.399639 0.848118 0.085374 0.062893
0 0.175900 0.872945 0.073598 0.077237
1 0.242139 0.761503 0.454838 0.436941
2 0.816895 0.910888 0.094727 0.066894
0 0.533447 0.845215 0.046386 0.102539
0 0.729004 0.860108 0.179688 0.051270
0 0.586426 0.854004 0.076172 0.049805