1 0.253546 0.347015 0.432022 0.292397
0 0.688721 0.031447 0.326622 0.056273
0 0.597305 0.251572 0.188412 0.037515
0 0.567866 0.152268 0.129533 0.050756
0 0.672297 0.415977 0.137590 0.048549
0 0.882401 0.407701 0.205765 0.065100
2 0.105982 0.714057 0.116285 0.108132
2 0.221163 0.722885 0.108189 0.050756
2 0.105246 0.563997 0.161916 0.035308
2 0.143884 0.857498 0.037535 0.125786
2 0.337448 0.885082 0.189147 0.079444
2 0.259434 0.612545 0.043423 0.130199
2 0.424662 0.724540 0.048575 0.140130
2 0.589211 0.701238 0.158598 0.058204
2 0.881214 0.699381 0.111515 0.128793
1 0.628448 0.594117 0.220551 0.175851
1 0.827935 0.907431 0.302328 0.168421