2 0.237793 0.141601 0.182617 0.157226
0 0.109375 0.357422 0.121094 0.087890
0 0.178223 0.184570 0.099610 0.044922
2 0.197266 0.349121 0.071289 0.052734
2 0.378906 0.272949 0.117188 0.121094
2 0.337402 0.451416 0.098633 0.067871
1 0.279052 0.394531 0.235840 0.155274
1 0.338379 0.213135 0.208008 0.178223
0 0.079102 0.361816 0.082031 0.058594
2 0.533454 0.395047 0.063604 0.188236
2 0.833717 0.343034 0.232941 0.086688
2 0.817196 0.428483 0.051214 0.136223
2 0.722616 0.065016 0.248636 0.082972
2 0.142412 0.648405 0.058142 0.201920
2 0.342968 0.888392 0.167804 0.070617
2 0.110397 0.835981 0.144253 0.067307
2 0.265322 0.654474 0.031648 0.156681
1 0.737550 0.778638 0.428990 0.421052