0 0.154297 0.208252 0.088867 0.049316
1 0.325196 0.335449 0.244141 0.228516
1 0.233399 0.116455 0.244141 0.215332
1 0.621805 0.254331 0.220059 0.468940
1 0.894855 0.105925 0.106718 0.174335
1 0.865047 0.293501 0.117758 0.121372
2 0.362324 0.681507 0.243203 0.038619
2 0.145177 0.733367 0.174544 0.040826
2 0.358601 0.800673 0.028953 0.188679
0 0.357360 0.624683 0.107539 0.024275
0 0.107539 0.565100 0.185298 0.037515
1 0.110020 0.923149 0.162135 0.118063
1 0.595315 0.748262 0.181938 0.412667
1 0.874432 0.758744 0.232235 0.444665