1 0.090480 0.252632 0.153120 0.435914
2 0.198360 0.375852 0.025520 0.169659
2 0.373134 0.347369 0.025520 0.130031
2 0.462068 0.396285 0.036346 0.160991
1 0.339108 0.126935 0.288454 0.191950
0 0.729981 0.399658 0.032226 0.104004
0 0.850342 0.447265 0.096191 0.028320
0 0.827636 0.075684 0.147461 0.087890
1 0.734864 0.220947 0.244141 0.148926
1 0.736816 0.152344 0.244141 0.244141
2 0.925293 0.193115 0.060547 0.076660
2 0.219239 0.791992 0.099610 0.079102
2 0.330323 0.701904 0.095215 0.237793
2 0.271728 0.784424 0.153808 0.072754
2 0.280274 0.916260 0.163086 0.073731
1 0.313476 0.921875 0.119140 0.118164
1 0.299561 0.781250 0.224121 0.244141
0 0.282715 0.946778 0.070312 0.045899
0 0.697835 0.779876 0.056996 0.274923
0 0.802328 0.720433 0.074343 0.190712
0 0.860563 0.912384 0.076821 0.131270