1 0.197980 0.270881 0.344440 0.360808
2 0.533454 0.395047 0.063604 0.188236
2 0.833717 0.343034 0.232941 0.086688
2 0.817196 0.428483 0.051214 0.136223
2 0.722616 0.065016 0.248636 0.082972
1 0.183643 0.763710 0.334198 0.454595
0 0.405339 0.616407 0.087685 0.045239
0 0.410303 0.687576 0.090995 0.037515
0 0.423538 0.959009 0.100921 0.048549
0 0.767090 0.761719 0.096680 0.046875
0 0.767334 0.744140 0.142090 0.085938
1 0.750976 0.921631 0.161133 0.128418
0 0.623291 0.551513 0.068848 0.036621
2 0.551758 0.914551 0.075195 0.118164
2 0.772949 0.703125 0.126953 0.094727
0 0.671142 0.674316 0.107910 0.152344
0 0.866699 0.822265 0.192383 0.108398