2 0.221436 0.319336 0.148926 0.244141
2 0.174317 0.083985 0.215820 0.121094
0 0.387696 0.247070 0.083008 0.030273
2 0.354248 0.328858 0.126465 0.104004
2 0.265869 0.277344 0.031739 0.075195
0 0.449463 0.093750 0.099121 0.027344
0 0.279052 0.437500 0.048340 0.067383
2 0.766058 0.309500 0.243611 0.080547
2 0.749130 0.182059 0.114077 0.103719
2 0.711227 0.419287 0.122173 0.112546
2 0.111573 0.560791 0.100098 0.074707
2 0.340088 0.882324 0.053222 0.099610
2 0.412842 0.653076 0.088379 0.059082
0 0.066162 0.729492 0.070801 0.034180
2 0.293457 0.847900 0.088867 0.060059
2 0.258057 0.611572 0.059082 0.094239
1 0.326172 0.636231 0.244141 0.163086
2 0.599726 0.608132 0.030176 0.183163
0 0.824936 0.860807 0.227418 0.037515
0 0.801017 0.700265 0.089790 0.051859
0 0.948581 0.767572 0.028703 0.166611
1 0.589054 0.913218 0.139837 0.140130