1 0.266076 0.241090 0.368223 0.444665
2 0.556885 0.422851 0.081543 0.052734
1 0.887451 0.163574 0.173340 0.122070
1 0.829834 0.427490 0.159668 0.126465
2 0.914795 0.301026 0.075684 0.064941
0 0.604981 0.106201 0.103515 0.031739
2 0.793701 0.417480 0.092285 0.073242
0 0.284457 0.865221 0.346648 0.081651
0 0.283722 0.691990 0.212699 0.030895
0 0.419510 0.741642 0.138365 0.028688
1 0.727380 0.608684 0.366564 0.166611
2 0.866564 0.944665 0.151587 0.083858
2 0.689828 0.895012 0.042031 0.200817
2 0.569248 0.834326 0.059945 0.198609