2 0.270752 0.123047 0.135254 0.244141
1 0.184814 0.097412 0.174317 0.183106
2 0.390381 0.056641 0.085449 0.094727
2 0.112793 0.185791 0.123047 0.057129
2 0.790771 0.176026 0.230957 0.182129
0 0.734131 0.078614 0.046386 0.097656
0 0.585693 0.409912 0.064941 0.027832
1 0.630615 0.245849 0.152832 0.153808
2 0.826660 0.436279 0.169922 0.106934
1 0.745606 0.161621 0.244141 0.202149
2 0.837403 0.240723 0.082031 0.062500
2 0.224107 0.561238 0.225946 0.093788
2 0.028703 0.884530 0.057406 0.215161
2 0.337080 0.852533 0.219323 0.091581
1 0.125117 0.775295 0.148669 0.221781
2 0.563233 0.571045 0.043457 0.090332
1 0.713379 0.746826 0.244141 0.212402
1 0.606934 0.812500 0.206055 0.165039
1 0.833008 0.787354 0.244141 0.210449