0 0.405790 0.425356 0.095005 0.025378
0 0.461365 0.194748 0.022354 0.206334
0 0.240618 0.301777 0.034152 0.254883
1 0.107114 0.238883 0.190632 0.422598
1 0.671484 0.130751 0.244346 0.228401
1 0.882711 0.410460 0.173692 0.161095
2 0.858056 0.278054 0.142044 0.055170
0 0.103760 0.729004 0.093261 0.072265
2 0.265625 0.833252 0.111328 0.070801
0 0.277099 0.606934 0.075684 0.038086
1 0.380860 0.690674 0.093750 0.091309
2 0.092530 0.812011 0.156739 0.090820
2 0.766058 0.809500 0.243611 0.080547
2 0.749130 0.682059 0.114077 0.103719
2 0.711227 0.919287 0.122173 0.112546