1 0.171484 0.130751 0.244346 0.228401
1 0.382711 0.410460 0.173692 0.161095
2 0.358056 0.278054 0.142044 0.055170
2 0.656983 0.327881 0.220215 0.115723
2 0.854248 0.197998 0.125489 0.069824
2 0.639160 0.172851 0.207031 0.039062
0 0.894043 0.179199 0.056641 0.021485
1 0.719971 0.241455 0.218261 0.197754
2 0.896485 0.136719 0.143555 0.134766
2 0.636719 0.198731 0.134766 0.244141
1 0.885010 0.414062 0.152832 0.153320
2 0.931640 0.174072 0.068360 0.104981
2 0.665039 0.252198 0.084961 0.113769
0 0.129165 0.708540 0.237723 0.030895
0 0.388599 0.751572 0.194300 0.055170
2 0.763184 0.847412 0.146484 0.104004
0 0.794922 0.549561 0.129883 0.095215
2 0.628418 0.559082 0.151367 0.058594
2 0.662597 0.603271 0.175781 0.092285
2 0.668945 0.683594 0.224609 0.153320
0 0.651612 0.583496 0.226074 0.066406
1 0.827636 0.742676 0.244141 0.199219
0 0.584229 0.940430 0.045410 0.050781
0 0.939209 0.939209 0.042480 0.019043
0 0.723144 0.957275 0.106445 0.081543