0 0.086181 0.391114 0.162598 0.096680
2 0.405274 0.268799 0.138672 0.030762
2 0.266601 0.102783 0.130859 0.183106
1 0.224609 0.327392 0.185547 0.114746
2 0.302246 0.123047 0.207031 0.143555
0 0.172607 0.291015 0.058105 0.018555
1 0.838623 0.346436 0.100098 0.136231
0 0.734131 0.258057 0.082519 0.055176
0 0.897705 0.256836 0.080566 0.127930
2 0.830566 0.182373 0.108398 0.075684
0 0.846924 0.344726 0.144043 0.048828
0 0.903564 0.029785 0.034668 0.042969
1 0.840820 0.159180 0.244141 0.244141
0 0.851318 0.218261 0.056153 0.043945
0 0.842774 0.200683 0.144531 0.078125
1 0.855225 0.435302 0.148926 0.110840
2 0.071023 0.694748 0.131741 0.082754
2 0.218955 0.806742 0.075806 0.264813
2 0.264954 0.579444 0.063295 0.101512
2 0.334136 0.832120 0.051519 0.194196
2 0.070287 0.919287 0.133213 0.121372
1 0.822510 0.603760 0.086426 0.080566
2 0.777832 0.634521 0.110352 0.134277
2 0.661377 0.639649 0.071777 0.050781
2 0.943360 0.856689 0.068360 0.078614
2 0.677735 0.719971 0.102539 0.078614
2 0.625733 0.589356 0.055176 0.102539
2 0.793213 0.897705 0.095215 0.113769
0 0.612061 0.527100 0.055176 0.023926
1 0.652344 0.655274 0.244141 0.244141