1 0.129874 0.084409 0.220041 0.157784
1 0.141455 0.374600 0.231623 0.206334
0 0.284978 0.376255 0.033916 0.240538
1 0.409888 0.161095 0.166271 0.174335
1 0.623645 0.157232 0.123645 0.122476
1 0.870200 0.155026 0.192828 0.133510
1 0.746922 0.357498 0.200924 0.136820
2 0.899639 0.406598 0.029440 0.162198
2 0.966613 0.383427 0.048575 0.173232
2 0.089876 0.668818 0.155208 0.035308
2 0.070024 0.762055 0.062083 0.129097
0 0.763114 0.748814 0.049311 0.491007
1 0.614814 0.741642 0.200187 0.412667
1 0.897431 0.759296 0.173692 0.434735