1 0.307617 0.240723 0.244141 0.244141
1 0.217285 0.218261 0.244141 0.244141
0 0.065674 0.136719 0.088379 0.146484
1 0.180664 0.313476 0.244141 0.191406
2 0.340332 0.074463 0.115235 0.088379
2 0.444580 0.217285 0.109864 0.044922
0 0.286621 0.384522 0.070312 0.062011
1 0.350586 0.119385 0.062500 0.091309
1 0.731834 0.242745 0.319416 0.335430
0 0.149170 0.760498 0.133301 0.061035
0 0.129151 0.865967 0.104981 0.047364
1 0.353515 0.708985 0.244141 0.175781
2 0.318848 0.838135 0.244141 0.143067
2 0.295899 0.556396 0.090820 0.111816
1 0.334473 0.697265 0.244141 0.244141
1 0.778320 0.777832 0.244141 0.244141
2 0.640869 0.763184 0.079590 0.126953
2 0.593261 0.633545 0.077148 0.026856
2 0.749511 0.628418 0.068360 0.044922