1 0.107822 0.150613 0.189147 0.197507
1 0.115549 0.386738 0.183996 0.188679
1 0.363943 0.158888 0.196508 0.172128
1 0.361368 0.412667 0.211963 0.145647
1 0.787033 0.270330 0.225211 0.403840
0 0.073242 0.694336 0.086914 0.065430
0 0.085694 0.824463 0.104981 0.077636
1 0.366455 0.670410 0.123535 0.107422
2 0.384522 0.719726 0.056153 0.071289
0 0.375976 0.574463 0.048828 0.029785
2 0.421142 0.886719 0.064941 0.072265
2 0.310302 0.918701 0.105957 0.112793
2 0.175293 0.592285 0.015625 0.173828
0 0.659424 0.796142 0.139160 0.107910
0 0.662110 0.563477 0.083008 0.058594
2 0.926025 0.736084 0.095215 0.106934
1 0.772461 0.818847 0.244141 0.244141
0 0.820068 0.755615 0.106934 0.074707
2 0.756592 0.916260 0.033691 0.081543
1 0.599365 0.541504 0.186035 0.060547
1 0.826172 0.723633 0.244141 0.244141
2 0.782715 0.578614 0.050781 0.069336
2 0.707275 0.928222 0.064941 0.130859