1 0.106445 0.308105 0.193359 0.135742
1 0.127930 0.103760 0.077148 0.055176
2 0.134766 0.193115 0.040039 0.039551
0 0.243652 0.258789 0.122070 0.161133
1 0.395508 0.405761 0.143555 0.125000
2 0.682862 0.255860 0.079590 0.050781
1 0.765381 0.182129 0.219239 0.244141
1 0.884765 0.099365 0.118164 0.101074
0 0.862061 0.369140 0.201660 0.134766
0 0.132324 0.955566 0.120117 0.042969
1 0.278809 0.780274 0.244141 0.244141
2 0.263427 0.737305 0.076660 0.061524
1 0.173340 0.656494 0.244141 0.218261
2 0.079345 0.877198 0.074707 0.100098
0 0.875244 0.646729 0.052246 0.073731
1 0.905029 0.847900 0.175293 0.130371
2 0.703369 0.583008 0.057129 0.056641
0 0.782715 0.836182 0.041016 0.052246
1 0.768066 0.702636 0.244141 0.184570
0 0.836182 0.633789 0.064941 0.025390
1 0.870117 0.624267 0.179688 0.077636
0 0.819580 0.871338 0.106934 0.101074
2 0.557862 0.883057 0.055176 0.075684