2 0.320801 0.427735 0.080078 0.067383
2 0.347901 0.189697 0.080566 0.108886
0 0.149414 0.346436 0.066406 0.136231
2 0.222901 0.104004 0.056153 0.070312
1 0.122070 0.186524 0.184570 0.146484
0 0.172851 0.454590 0.041016 0.077148
0 0.301758 0.202881 0.191406 0.120606
1 0.145508 0.172364 0.244141 0.239258
0 0.081787 0.251709 0.067871 0.029785
1 0.118652 0.279297 0.233399 0.244141
0 0.929814 0.250469 0.119229 0.083858
0 0.576910 0.372393 0.091998 0.135716
1 0.827512 0.384530 0.086846 0.129097
0 0.718219 0.386186 0.033119 0.097098
0 0.617022 0.139578 0.176636 0.040826
0 0.308009 0.757641 0.252442 0.060686
0 0.058879 0.640130 0.091262 0.158888
0 0.165964 0.802880 0.069918 0.294604
0 0.674072 0.746582 0.059082 0.042969
2 0.713135 0.775635 0.116699 0.092285
0 0.748779 0.539062 0.096191 0.066406