2 0.113710 0.211299 0.217115 0.067307
2 0.303593 0.217919 0.121437 0.054066
2 0.417671 0.170474 0.177372 0.078340
0 0.273050 0.370738 0.117758 0.070617
0 0.085006 0.349222 0.167068 0.089374
0 0.271209 0.098201 0.090526 0.174335
2 0.192091 0.365773 0.113341 0.228401
0 0.700555 0.474457 0.373144 0.035308
0 0.644988 0.063996 0.262010 0.035308
0 0.739563 0.168819 0.187675 0.070617
0 0.917303 0.322189 0.160444 0.147854
2 0.290527 0.661621 0.088867 0.107422
1 0.374511 0.870117 0.244141 0.244141
1 0.203857 0.678955 0.223144 0.149902
1 0.244141 0.810547 0.244141 0.244141
0 0.058594 0.965820 0.114258 0.049805
0 0.347901 0.903076 0.057129 0.034668
2 0.196533 0.642334 0.198731 0.114746
2 0.039062 0.862793 0.041992 0.030273
1 0.312500 0.792725 0.230469 0.157715
2 0.192383 0.578858 0.192383 0.103027
1 0.766077 0.741090 0.368223 0.444665