0 0.168213 0.471191 0.136231 0.042969
1 0.385010 0.101074 0.170410 0.139649
2 0.344239 0.059814 0.038086 0.076660
2 0.430908 0.206787 0.049316 0.147949
2 0.490967 0.365235 0.012207 0.137695
2 0.378418 0.443115 0.041016 0.064941
2 0.103272 0.084961 0.112793 0.032226
1 0.296875 0.375000 0.159180 0.122070
0 0.322998 0.246094 0.028809 0.081055
2 0.331787 0.280029 0.068848 0.103027
0 0.700924 0.292949 0.042687 0.301225
0 0.801753 0.185369 0.066239 0.152268
0 0.854743 0.384530 0.078014 0.182059
0 0.647196 0.457354 0.047103 0.056273
2 0.197266 0.728271 0.208984 0.156739
1 0.178223 0.610108 0.125976 0.110840
0 0.245606 0.942383 0.104492 0.081055
0 0.145019 0.868896 0.077148 0.029785
0 0.119629 0.865235 0.049805 0.049805
2 0.422364 0.521972 0.099610 0.038086
2 0.231689 0.898682 0.049316 0.060059
0 0.363526 0.594239 0.097168 0.072265
1 0.135254 0.701416 0.244141 0.230957
1 0.135498 0.640136 0.131348 0.101562
1 0.731834 0.742745 0.319416 0.335430