2 0.342285 0.177246 0.049805 0.055664
2 0.099610 0.316651 0.131836 0.097168
2 0.117431 0.385742 0.104981 0.146484
2 0.586426 0.363526 0.073242 0.094239
1 0.802002 0.133301 0.135254 0.142578
2 0.662354 0.303467 0.101074 0.100098
0 0.618164 0.071777 0.204101 0.128906
1 0.227380 0.608684 0.366564 0.166611
2 0.366564 0.944665 0.151587 0.083858
2 0.189828 0.895012 0.042031 0.200817
2 0.069248 0.834326 0.059945 0.198609
0 0.556153 0.825439 0.076172 0.030762
2 0.900390 0.635010 0.085938 0.052246
1 0.700195 0.721924 0.244141 0.241699
0 0.802735 0.739990 0.114258 0.077636
0 0.864746 0.753906 0.108398 0.062500
2 0.714600 0.647949 0.100098 0.045899
0 0.956543 0.624511 0.030273 0.050781