0 0.136385 0.235021 0.277158 0.097098
1 0.760538 0.280261 0.394487 0.408253
1 0.151123 0.748291 0.086426 0.080566
1 0.257324 0.782715 0.233399 0.224609
0 0.208496 0.866211 0.090820 0.044922
2 0.399414 0.719239 0.100586 0.244141
2 0.321045 0.794434 0.079590 0.119140
2 0.220459 0.571045 0.175293 0.075684
2 0.052002 0.674561 0.101074 0.021972
2 0.371826 0.651856 0.098144 0.116211
2 0.053711 0.707031 0.096680 0.116211
2 0.262451 0.862549 0.078614 0.100098
0 0.571533 0.891601 0.046386 0.060547
2 0.663818 0.721680 0.068848 0.114258
2 0.609375 0.724365 0.150391 0.086426
0 0.806396 0.958008 0.031739 0.026367
0 0.651123 0.908448 0.163574 0.110840
1 0.561767 0.627930 0.122559 0.107422