1 0.238749 0.124683 0.463718 0.185369
2 0.198440 0.394461 0.023427 0.184265
2 0.381723 0.343154 0.053745 0.119166
2 0.468541 0.401081 0.070281 0.153371
2 0.330045 0.453492 0.111623 0.079444
2 0.787874 0.355291 0.104230 0.203023
1 0.660068 0.084409 0.272156 0.151164
2 0.199707 0.590332 0.051758 0.054688
1 0.168945 0.732422 0.244141 0.244141
1 0.289307 0.669189 0.238769 0.191894
0 0.263916 0.941406 0.100098 0.058594
1 0.419434 0.907471 0.144531 0.135254
1 0.187744 0.568847 0.150879 0.117188
2 0.050293 0.593261 0.089844 0.114258
1 0.095215 0.687256 0.129883 0.187989
2 0.309082 0.938476 0.197266 0.038086
1 0.618125 0.751020 0.212699 0.398323
1 0.870200 0.777502 0.209019 0.347567