2 0.118861 0.216815 0.187675 0.065100
2 0.301017 0.219574 0.114813 0.035308
2 0.426502 0.166060 0.146460 0.045239
2 0.179212 0.399426 0.081694 0.165508
0 0.284457 0.368532 0.115549 0.055170
0 0.439750 0.423701 0.080222 0.125786
0 0.191723 0.060135 0.124381 0.069514
0 0.057038 0.339844 0.109661 0.028688
2 0.707179 0.220126 0.114077 0.076134
2 0.784458 0.323844 0.094942 0.166611
2 0.582798 0.331016 0.143516 0.077237
1 0.571391 0.131855 0.135421 0.201920
2 0.125489 0.949463 0.112305 0.091309
2 0.362304 0.780761 0.076172 0.175781
0 0.220215 0.714844 0.075195 0.169922
0 0.842774 0.895752 0.074219 0.025879
1 0.846436 0.896729 0.095215 0.053222
2 0.548584 0.749511 0.080566 0.081055
0 0.629394 0.815918 0.108398 0.040039
2 0.880615 0.894775 0.097168 0.089356
1 0.711914 0.633789 0.244141 0.225586
0 0.579345 0.630615 0.052246 0.038574
1 0.652832 0.710449 0.222656 0.244141