2 0.084101 0.162749 0.155208 0.045239
2 0.059556 0.247711 0.068580 0.120269
2 0.682524 0.149509 0.048575 0.159991
2 0.768633 0.145647 0.076542 0.161095
2 0.937910 0.082754 0.073598 0.143440
1 0.382080 0.754150 0.210449 0.243652
2 0.447998 0.856934 0.072754 0.052734
2 0.298096 0.858154 0.107910 0.056153
2 0.184570 0.958496 0.143555 0.080078
2 0.217285 0.807129 0.208008 0.061524
2 0.078369 0.753662 0.078614 0.112793
2 0.148194 0.638916 0.129394 0.066894
1 0.152099 0.613525 0.237793 0.140136
1 0.301026 0.617676 0.183106 0.123047
1 0.293946 0.827149 0.244141 0.244141
2 0.962646 0.562256 0.069824 0.122559
2 0.746338 0.567138 0.088379 0.125489
0 0.543457 0.758789 0.069336 0.019531
0 0.806885 0.895508 0.215332 0.074219
0 0.532715 0.683838 0.046875 0.027832