1 0.155029 0.419434 0.170410 0.152344
0 0.128174 0.088867 0.113769 0.040039
0 0.294189 0.152588 0.079590 0.026856
1 0.347656 0.371094 0.244141 0.244141
2 0.420899 0.274658 0.082031 0.085449
2 0.099853 0.439941 0.122559 0.103515
2 0.273193 0.383789 0.100098 0.052734
2 0.232910 0.410645 0.188476 0.059570
1 0.196289 0.299804 0.244141 0.244141
0 0.076905 0.072265 0.043457 0.017578
2 0.609561 0.397771 0.144844 0.179852
2 0.802422 0.234470 0.054117 0.305638
2 0.265381 0.779297 0.031739 0.080078
0 0.120849 0.911133 0.075684 0.042969
0 0.271485 0.670410 0.153320 0.105469
0 0.218994 0.593750 0.141114 0.115235
0 0.700924 0.792949 0.042687 0.301225
0 0.801753 0.685369 0.066239 0.152268
0 0.854743 0.884530 0.078014 0.182059
0 0.647196 0.957354 0.047103 0.056273