2 0.063965 0.222168 0.084961 0.051758
2 0.310547 0.192871 0.244141 0.244141
2 0.129151 0.080810 0.077636 0.037597
0 0.203125 0.196289 0.017578 0.089844
2 0.305664 0.168945 0.077148 0.113281
1 0.380860 0.086181 0.166016 0.116699
2 0.768799 0.094970 0.147949 0.104004
1 0.739746 0.339844 0.244141 0.244141
0 0.857910 0.324951 0.244141 0.139160
2 0.788574 0.051270 0.059570 0.079102
0 0.794189 0.128418 0.224121 0.244141
1 0.176269 0.844971 0.197266 0.151856
1 0.226074 0.657715 0.228516 0.228516
2 0.270263 0.897217 0.085449 0.047364
0 0.591262 0.700816 0.153085 0.050756
0 0.845176 0.856394 0.111869 0.048549
1 0.852904 0.605925 0.248026 0.178749
1 0.641309 0.874049 0.232571 0.191990
1 0.612974 0.586064 0.203868 0.163301
0 0.913990 0.919287 0.152348 0.046343
0 0.918407 0.757641 0.125853 0.045239