1 0.177734 0.166016 0.186524 0.153320
1 0.425293 0.425537 0.122070 0.091309
0 0.315674 0.439209 0.073731 0.051270
0 0.302490 0.055420 0.115723 0.068848
2 0.191651 0.468750 0.084473 0.032226
1 0.134277 0.291992 0.208008 0.238281
0 0.161865 0.358154 0.071777 0.099121
1 0.124511 0.344239 0.244141 0.244141
1 0.337647 0.182617 0.203614 0.211914
1 0.628753 0.249917 0.225226 0.418184
1 0.892495 0.172128 0.201016 0.220677
1 0.892128 0.406046 0.181208 0.156681
1 0.118493 0.762606 0.185468 0.432528
1 0.780761 0.833252 0.132812 0.133301
2 0.592530 0.713135 0.058105 0.110840
0 0.709472 0.728271 0.125976 0.070801
2 0.585205 0.757812 0.136231 0.065430
1 0.696045 0.750733 0.148926 0.100098
0 0.706543 0.808350 0.035156 0.119629
2 0.907471 0.610108 0.105957 0.045410